STATIONS_ID;MESS_DATUM_BEGINN;MESS_DATUM_ENDE;QN_4;MO_N;MO_TT;MO_TX;MO_TN;MO_FK;MX_TX;MX_FX;MX_TN;MO_SD_S;QN_6;MO_RR;MX_RS;eor
        603;20000901;20000930;    1;  -999;   -999;    -999;    -999;-999;-999;  16.0;-999; 128.80;    9;   105.3;   26.9;eor
        603;20001101;20001130;    1;  -999;   7.93;   10.50;    5.48;    2.90;  14.0;  17.0;   2.0;  62.40;    1;    30.5;    5.2;eor
        603;20001201;20001231;    1;  -999;   -999;    -999;    -999;-999;-999;-999;-999;  60.30;-999;-999;-999;eor
        603;20010101;20010131;    1;  -999;   -999;    -999;    -999;-999;-999;  16.0;-999;  77.90;    1;    57.9;   13.0;eor
        603;20010501;20010531;    1;  -999;  15.16;   20.16;    9.20;-999;  25.1;  14.7;   4.7; 249.20;    1;    22.3;    7.7;eor
        603;20010601;20010630;    1;  -999;  15.13;    -999;    -999;-999;-999;-999;-999;-999;-999;-999;-999;eor
        603;20010701;20010731;    1;  -999;  19.11;    -999;    -999;-999;-999;-999;-999;-999;-999;-999;-999;eor
        603;20010801;20010831;    1;  -999;  19.61;   24.82;   14.24;-999;  34.0;  15.7;   7.9; 203.20;    1;    27.9;    8.5;eor
        603;20010901;20010930;    1;  -999;  12.50;    -999;    -999;-999;-999;  17.8;-999;-999;-999;-999;-999;eor
        603;20011001;20011031;    1;  -999;  13.95;   17.65;   10.51;-999;  24.7;-999;   6.7;-999;-999;-999;-999;eor
        603;20011101;20011130;    1;  -999;   5.19;    7.85;    2.49;    1.83;  12.5;  18.0;  -4.0;  59.20;    1;   119.4;   22.2;eor
        603;20020201;20020228;    1;  -999;   6.90;    9.75;    3.80;    2.89;  16.5;  22.1;  -4.2;  77.80;    1;   122.0;   22.6;eor
        603;20020301;20020331;    1;  -999;   7.17;   11.41;    2.89;    2.39;  16.8;  18.9;  -2.8; 135.00;    1;    60.9;   14.6;eor
        603;20020401;20020430;    1;  -999;   9.44;   13.89;    4.98;    2.30;  19.4;  26.4;  -1.7; 185.90;    1;    78.8;   19.3;eor
        603;20020501;20020531;    1;  -999;  14.10;   18.40;    9.73;    2.19;  26.6;  14.8;   3.1; 173.70;    1;    58.4;   36.3;eor
        603;20020801;20020831;    1;  -999;  18.45;   23.04;   14.42;    1.84;  29.4;  12.1;  12.2; 154.90;    1;    78.1;   23.7;eor
        603;20020901;20020930;    1;  -999;  13.70;   18.53;    9.20;-999;  24.9;  17.3;   2.9; 156.80;    1;    23.2;    7.8;eor
        603;20021101;20021130;    1;  -999;   8.16;    -999;    -999;-999;-999;-999;-999;-999;-999;-999;-999;eor
        603;20021201;20021231;    1;  -999;   3.64;    5.93;    1.76;    2.42;  13.1;-999;  -8.8;  50.10;    1;     3.4;    1.2;eor
        603;20030201;20030228;    1;  -999;   1.17;    5.15;   -2.41;    2.28;  16.0;-999;  -8.0; 158.40;-999;-999;-999;eor
        603;20030301;20030331;    1;  -999;   8.08;   12.95;    3.41;    2.13;  20.0;  13.9;  -1.9; 195.80;-999;-999;-999;eor
        603;20030401;20030430;    1;  -999;   9.88;   14.95;    4.34;    2.27;  23.6;-999;  -5.0; 215.50;    9;    51.2;   17.2;eor
        603;20030501;20030531;    1;  -999;  14.32;   19.28;    9.41;-999;  27.7;  15.8;   2.8; 187.40;    9;    84.9;   13.7;eor
        603;20030601;20030630;    1;  -999;  19.28;   24.97;   13.14;    2.00;  30.1;  23.9;   8.0; 274.00;    9;    79.1;   22.9;eor
        603;20030701;20030731;    1;  -999;  19.30;   24.80;   14.17;    2.06;  34.2;-999;   9.9; 228.40;    9;    64.4;   30.8;eor
        603;20030901;20030930;    1;  -999;   -999;   20.99;    9.55;-999;  29.8;-999;   4.1; 225.20;    9;    67.3;   27.7;eor
        603;20031201;20031231;    1;  -999;   3.40;    6.10;    1.10;    2.39;  12.4;  18.6;  -5.4;  69.30;-999;-999;-999;eor
        603;20040101;20040131;    1;  -999;   2.24;    4.42;    0.03;    2.45;  11.5;  19.9;  -8.1;  27.40;    1;   115.7;   30.2;eor
        603;20040201;20040229;    1;  -999;   4.01;    -999;    -999;-999;-999;-999;-999;-999;-999;-999;-999;eor
        603;20040301;20040331;    1;  -999;   5.55;    -999;    -999;-999;-999;-999;-999;-999;-999;-999;-999;eor
        603;20040401;20040430;    1;  -999;  10.41;    -999;    -999;-999;-999;-999;-999; 163.30;-999;-999;-999;eor
        603;20040501;20040531;    1;  -999;  12.05;   16.91;    7.01;-999;  23.5;  14.5;   2.6; 185.50;    1;    93.8;   40.7;eor
        603;20040601;20040630;    1;  -999;  15.83;   20.86;   10.86;    1.97;  29.7;  23.2;   6.6; 179.90;    1;    74.7;   17.9;eor
        603;20040701;20040731;    1;  -999;  17.26;   22.36;   12.85;-999;  29.1;-999;   9.4; 177.80;    1;   132.2;   43.3;eor
        603;20040801;20040831;    1;  -999;  18.95;   24.07;   14.75;    2.13;  31.4;  17.9;   8.5; 188.20;    1;   156.7;   43.0;eor
        603;20040901;20040930;    1;  -999;  15.05;    -999;    -999;-999;-999;-999;-999;-999;-999;-999;-999;eor
        603;20041001;20041031;    1;  -999;  11.40;    -999;    -999;-999;-999;-999;-999;-999;-999;-999;-999;eor
        603;20041101;20041130;    1;  -999;   5.21;    8.37;    2.23;-999;  14.2;  15.1;  -3.4;  51.50;    1;   103.7;   38.9;eor
        603;20050301;20050331;    3;  -999;   6.41;    -999;    -999;-999;-999;-999;-999;-999;-999;-999;-999;eor
        603;20050901;20050930;    3;  -999;  15.92;   21.98;   10.71;    1.80;  30.4;  13.6;   2.9; 205.60;-999;-999;-999;eor
        603;20051001;20051031;    3;  -999;  12.77;   18.34;    8.72;    2.39;  22.5;  14.7;   1.3; 187.60;-999;-999;-999;eor
        603;20051101;20051130;    3;  -999;   5.91;    8.79;    3.23;    2.10;  17.4;  17.9;  -4.5;  63.50;    9;    66.6;   16.2;eor
        603;20051201;20051231;    3;  -999;   2.53;    4.53;    0.30;    2.29;   9.3;  18.1;  -4.4;  39.40;    9;    64.5;   11.7;eor
        603;20060101;20060131;    3;  -999;  -0.36;    2.55;   -3.32;    2.03;   8.7;  16.6; -10.0; 101.10;    3;    15.0;    3.4;eor
        603;20060201;20060228;    3;  -999;   1.32;    3.94;   -1.01;    2.14;  10.2;  17.5;  -9.1;  44.80;    3;    52.9;   12.3;eor
        603;20060401;20060430;    3;  -999;   8.81;   13.42;    4.47;    2.23;  23.8;  14.4;  -2.1; 129.00;    3;    54.6;    7.8;eor
        603;20060501;20060531;    3;  -999;  13.89;   18.64;    8.92;    2.35;  25.3;  25.5;   1.3; 182.50;    3;   126.6;   22.3;eor
        603;20060601;20060630;    3;  -999;  17.32;    -999;    -999;    1.93;-999;-999;-999;-999;-999;-999;-999;eor
        603;20060701;20060731;    3;  -999;  22.60;   29.13;   16.30;    1.94;  34.7;  15.0;  11.0; 319.90;    3;    51.1;   20.6;eor
        603;20060801;20060831;    3;  -999;  15.71;   20.84;   12.05;    2.00;  26.3;  13.9;   8.7; 105.20;-999;-999;-999;eor
        603;20060901;20060930;    3;  -999;  17.80;   23.34;   12.73;    2.10;  28.4;  15.9;   6.0; 188.20;    9;    35.9;   21.8;eor
        603;20061001;20061031;    3;  -999;  13.58;   17.71;    9.57;    2.42;  23.2;  18.6;   4.3; 116.70;    9;    41.6;   17.9;eor
        603;20061101;20061130;    3;  -999;   8.62;   11.79;    5.07;    2.57;  18.0;  17.8;  -1.5;  59.70;    9;    69.5;   12.7;eor
        603;20061201;20061231;    3;  -999;   5.40;    7.83;    2.89;    2.26;  15.6;  22.8;  -3.9;  54.80;    9;    46.7;   15.8;eor
        603;20070101;20070131;    3;  -999;   6.13;    8.80;    3.46;    2.74;  14.8;  29.4;  -6.7;  42.50;    9;    91.6;   22.8;eor
        603;20070201;20070228;    3;  -999;   5.71;    8.67;    2.89;    2.46;  13.4;  16.2;  -3.2;  38.00;    9;    70.4;   10.4;eor
        603;20070301;20070331;    3;  -999;   7.38;   12.05;    3.31;    2.42;  17.7;  21.8;  -2.0; 140.00;    9;    62.1;   11.3;eor
        603;20070401;20070430;    3;  -999;  13.48;   20.33;    6.06;    2.00;  28.3;  10.6;  -0.9; 305.40;    9;     0.3;    0.3;eor
        603;20070501;20070531;    3;  -999;  15.02;   20.41;    9.73;    2.19;  28.4;  25.9;   3.7; 203.30;    9;   129.7;   17.4;eor
        603;20070601;20070630;    3;  -999;  17.88;   23.13;   12.79;    1.93;  30.9;  24.3;   8.3; 183.90;    9;    89.7;   25.5;eor
        603;20070701;20070731;    3;  -999;  17.63;   23.39;   12.55;    2.10;  34.5;  19.0;   8.1; 201.10;    9;    83.4;   15.0;eor
        603;20070801;20070831;    3;  -999;  16.91;   22.47;   11.58;    2.03;  31.6;  17.6;   5.0; 211.00;    9;   184.6;   57.4;eor
        603;20070901;20070930;    3;  -999;  13.54;   18.39;    9.28;    1.87;  25.1;  14.5;   6.0; 141.50;    9;    85.9;   25.2;eor
        603;20071001;20071031;    3;  -999;   9.69;   13.96;    5.53;    1.61;  20.3;  14.4;  -3.4; 136.30;    9;    40.7;   31.6;eor
        603;20071101;20071130;    3;  -999;   5.44;    7.74;    2.76;    2.33;  12.7;  17.0;  -2.9;  23.20;    9;    71.5;   11.9;eor
        603;20071201;20071231;    3;  -999;   2.95;    5.47;    0.36;    2.26;  13.4;  24.8;  -6.9;  68.90;    9;    46.8;   11.3;eor
        603;20080101;20080131;    3;  -999;   5.65;    7.97;    3.24;    2.90;  13.5;  18.5;  -5.0;  47.90;    9;    32.2;    9.3;eor
        603;20080201;20080229;    3;  -999;   5.00;    9.16;    1.14;    2.14;  14.3;  16.5;  -5.8; 134.00;    9;    43.2;   12.2;eor
        603;20080301;20080331;    3;  -999;   5.47;    8.95;    2.38;    2.65;  19.2;  29.9;  -3.0;  78.30;    9;    75.3;   16.8;eor
        603;20080401;20080430;    3;  -999;   8.34;   12.62;    4.24;    2.13;  20.1;  14.8;  -1.8; 114.00;    9;    73.6;   13.0;eor
        603;20080501;20080531;    3;  -999;  16.00;   21.27;   10.68;    2.06;  25.9;  11.0;   4.2; 225.20;    9;    30.5;    8.5;eor
        603;20080601;20080630;    3;  -999;  17.06;   22.32;   12.15;    1.90;  29.5;  14.3;   6.9; 224.60;    9;    80.9;   20.5;eor
        603;20080701;20080731;    3;  -999;  17.97;   23.30;   13.25;    1.97;  32.7;  16.0;   9.5; 203.70;    9;   129.3;   42.8;eor
        603;20080801;20080831;    3;  -999;  18.05;   22.71;   13.60;    2.16;  30.1;  19.8;   9.1; 154.10;    9;    44.6;   20.6;eor
        603;20080901;20080930;    3;  -999;  12.88;   17.31;    8.33;    1.93;  25.5;  13.5;   2.9; 134.80;    9;    70.6;   17.4;eor
        603;20081001;20081031;    3;  -999;  10.03;   14.10;    6.29;    2.10;  21.2;  15.7;  -0.3;  96.65;    9;    56.5;    6.9;eor
        603;20081101;20081130;    3;  -999;   6.30;    9.17;    3.60;    2.27;  15.5;  27.9;  -2.4;  46.40;    9;    40.5;    7.5;eor
        603;20081201;20081231;    3;  -999;   1.63;    3.87;   -0.64;    1.97;   9.8;  14.3;  -7.0;  62.00;    9;    52.7;   13.0;eor
        603;20090101;20090131;    9;  4.76;  -0.80;    2.37;   -4.30;    2.23;   9.1;  19.4; -16.4;  95.00;    9;    21.4;    9.1;eor
        603;20090201;20090228;    9;  6.76;   2.79;    5.44;    0.19;    2.32;  11.9;  19.0;  -4.8;  35.40;    9;    66.7;   18.1;eor
        603;20090301;20090331;    9;  5.79;   5.84;    9.51;    2.32;    2.29;  15.5;  16.8;  -2.1;  95.30;    9;   102.4;   30.2;eor
        603;20090401;20090430;    9;  4.25;  12.84;   18.08;    7.70;    2.03;  23.6;  14.1;   1.8; 195.10;    9;    82.1;   35.5;eor
        603;20090501;20090531;    9;  4.89;  14.32;   19.54;    8.88;    2.06;  29.4;  15.9;   4.2; 210.20;    9;    72.3;   12.0;eor
        603;20090601;20090630;    9;  5.08;  15.63;   20.68;   10.65;    1.93;  27.9;  15.0;   5.3; 205.60;    9;    69.4;   11.8;eor
        603;20090701;20090731;    9;  5.73;  18.82;   24.19;   14.00;    1.97;  30.8;  20.3;   9.7; 201.10;    9;    65.6;   18.6;eor
        603;20090801;20090831;    9;  3.79;  19.07;   24.96;   13.24;    1.84;  35.1;  17.8;   9.1; 249.90;    9;    47.9;   18.3;eor
        603;20090901;20090930;    9;  4.75;  15.29;   20.31;   10.57;    1.83;  28.5;  15.1;   6.1; 159.80;    9;    30.7;    7.4;eor
        603;20091001;20091031;    9;  5.70;   9.75;   13.79;    5.82;    2.10;  23.3;  17.3;  -2.2;  98.70;    9;    66.0;   11.9;eor
        603;20091101;20091130;    9;  6.60;   9.34;   11.72;    6.37;    2.67;  16.6;  24.2;   0.8;  50.40;    9;    88.1;   20.6;eor
        603;20091201;20091231;    9;  6.62;   2.34;    4.75;   -0.31;    2.42;  11.9;  16.4; -15.5;  53.40;    9;    64.7;   10.5;eor
        603;20100101;20100131;    9;  6.98;  -1.55;    0.31;   -3.85;    2.19;   6.5;  13.9; -12.7;  27.50;    9;    51.7;    9.2;eor
        603;20100201;20100228;    9;  6.91;   1.60;    4.15;   -1.03;    2.57;  12.4;  27.6;  -8.4;  31.60;    9;    47.9;    7.6;eor
        603;20100301;20100331;    9;  5.77;   5.85;   10.01;    2.00;    2.42;  21.3;  24.3;  -8.3; 128.40;    9;    54.6;   12.0;eor
        603;20100401;20100430;    9;  4.43;  10.19;   15.82;    4.08;    2.17;  25.8;  14.1;  -1.1; 212.80;    9;     6.2;    4.6;eor
        603;20100501;20100531;    9;  5.88;  10.93;   15.31;    6.55;    2.06;  25.5;  15.1;   0.3; 129.20;    9;    82.4;   25.7;eor
        603;20100601;20100630;    9;  4.50;  17.14;   22.82;   10.95;    1.83;  29.4;  17.4;   6.1; 264.30;    9;    53.0;   38.3;eor
        603;20100701;20100731;    9;  4.26;  20.95;   27.27;   15.01;    2.06;  35.4;  18.2;   9.6; 270.10;    9;    68.0;   12.4;eor
        603;20100801;20100831;    9;  5.80;  17.00;   21.84;   12.82;    2.10;  28.9;  18.4;   8.3; 152.90;    9;   165.0;   24.7;eor
        603;20100901;20100930;    9;  5.38;  13.33;   17.87;    9.32;    2.10;  24.3;  15.9;   4.8; 143.10;    9;    61.3;   13.4;eor
        603;20101001;20101031;    9;  5.21;   9.43;   13.61;    5.68;    2.35;  22.3;  15.1;  -1.2; 127.00;    9;    43.0;   12.5;eor
        603;20101101;20101130;    9;  7.11;   6.03;    8.33;    3.79;    2.20;  17.8;  19.9;  -7.1;  26.20;    9;    61.8;   15.9;eor
        603;20101201;20101231;    9;  7.04;  -2.01;    0.10;   -4.77;    2.13;   5.7;  14.0; -10.4;  18.30;    9;    76.1;    9.2;eor
        603;20110101;20110131;    9;  6.48;   2.72;    5.10;    0.25;    2.19;  14.4;  17.5;  -7.4;  46.10;    9;    73.8;   18.7;eor
        603;20110201;20110228;    9;  6.50;   3.75;    6.48;    0.78;    2.43;  13.5;  16.3;  -7.4;  64.10;    9;    61.1;   29.2;eor
        603;20110301;20110331;    9;  3.90;   7.08;   12.19;    1.86;    2.13;  18.0;  12.9;  -3.6; 205.10;    9;    15.1;    7.4;eor
        603;20110401;20110430;    9;  3.84;  13.27;   19.34;    6.95;    2.00;  26.4;  18.1;   0.9; 245.20;    9;    22.8;   11.2;eor
        603;20110501;20110531;    9;  4.20;  15.05;   21.14;    8.53;    2.26;  30.4;  18.1;   0.3; 288.50;    9;    37.7;   20.6;eor
        603;20110601;20110630;    9;  5.45;  16.77;   21.77;   12.07;    2.10;  31.4;  19.0;   7.3; 193.90;    9;   201.2;   68.0;eor
        603;20110701;20110731;    9;  6.30;  16.15;   20.52;   12.15;    2.06;  27.8;  14.4;   8.8; 132.50;    9;    44.2;   12.7;eor
        603;20110801;20110831;    9;  5.49;  17.88;   23.01;   13.32;    2.00;  29.2;  14.7;   7.3; 180.20;    9;    93.4;   15.2;eor
        603;20110901;20110930;    9;  4.74;  16.40;   21.29;   11.69;    1.97;  28.6;  15.1;   6.8; 183.80;    9;    52.6;   15.1;eor
        603;20111001;20111031;    9;  4.30;  10.97;   15.57;    6.88;    2.35;  25.5;  17.8;  -0.2; 154.40;    9;    38.3;   11.3;eor
        603;20111101;20111130;    9;  4.42;   6.85;   10.98;    3.19;    2.27;  18.9;  14.2;  -2.4; 126.10;    9;     2.2;    0.8;eor
        603;20111201;20111231;    3;  7.01;   5.32;    7.91;    2.87;    2.74;  12.6;  18.7;  -0.6;  28.90;    9;   102.5;   12.9;eor
        603;20120101;20120131;    9;  6.90;   3.78;    6.53;    1.17;    2.58;  14.1;  20.3;  -6.2;  42.50;    9;    95.6;   16.3;eor
        603;20120201;20120229;    9;  5.48;  -0.39;    3.05;   -3.40;    2.14;  12.7;  16.7; -15.4;  96.20;    9;    29.7;    6.3;eor
        603;20120301;20120331;    9;  5.11;   8.73;   13.02;    4.35;    2.10;  22.1;  14.1;  -1.3; 159.60;    9;    16.3;    7.5;eor
        603;20120401;20120430;    9;  6.80;   9.02;   13.38;    4.85;    2.43;  27.6;  20.7;  -2.5; 127.50;    9;    33.5;    6.2;eor
        603;20120501;20120531;    9;  5.64;  14.89;   20.03;    9.62;    2.10;  29.2;  15.1;   1.9; 188.90;    9;    55.0;   13.6;eor
        603;20120601;20120630;    9;  6.67;  15.68;   20.17;   11.60;    2.23;  29.3;  17.0;   6.9; 130.70;    9;    77.8;    8.3;eor
        603;20120701;20120731;    9;  6.03;  17.52;   22.41;   12.82;    2.06;  32.8;  17.8;   7.2; 179.90;    9;   107.5;   16.9;eor
        603;20120801;20120831;    3;  5.43;  19.47;   24.81;   13.76;    2.10;  36.2;  13.1;   8.5; 229.70;    9;    44.4;   31.0;eor
        603;20120901;20120930;    3;  5.75;  14.26;   19.62;    9.30;    2.07;  30.4;  19.0;   3.8; 161.30;    9;    22.5;    6.0;eor
        603;20121001;20121031;    3;  -999;  10.24;   14.54;    6.51;    2.32;  23.8;  14.6;  -2.8; 121.30;    9;   104.7;   21.5;eor
        603;20121101;20121130;    3;  -999;   6.75;    9.53;    3.96;    2.50;  14.3;  14.3;  -1.6;  63.70;    9;    34.6;    9.1;eor
        603;20121201;20121231;    3;  -999;   4.15;    6.36;    1.81;-999;  13.5;-999;  -8.3;  35.20;-999;-999;-999;eor
        603;20130101;20130131;    9;  7.07;   1.76;    3.62;   -0.29;    2.23;  15.0;  17.1;  -6.9;  23.70;    9;    47.6;    7.8;eor
        603;20130201;20130228;    9;  6.97;   0.80;    3.05;   -1.36;    2.11;   9.1;  17.0;  -5.6;  43.60;    9;    39.1;   10.1;eor
        603;20130301;20130331;    9;  -999;   2.10;    6.10;   -1.68;    2.39;  18.5;  14.2; -11.9; 113.10;    9;    32.2;   11.2;eor
        603;20130401;20130430;    9;  6.45;   9.44;   14.00;    4.71;    2.37;  25.5;  13.8;  -4.9; 149.80;    9;    36.9;   14.4;eor
        603;20130501;20130531;    9;  6.65;  11.98;   16.65;    7.30;    2.10;  24.2;  14.2;   0.9; 134.90;    9;   122.1;   20.7;eor
        603;20130601;20130630;    9;  6.66;  16.19;   21.29;   10.88;    2.23;  34.0;  14.6;   5.8; 172.80;    9;   120.3;   53.8;eor
        603;20130701;20130731;    9;  5.00;  20.05;   26.08;   13.75;    1.87;  32.7;  13.3;   8.8; 292.20;    9;    78.2;   19.3;eor
        603;20130801;20130831;    9;  5.31;  18.33;   24.09;   12.43;    1.65;  34.8;  11.5;   7.8; 215.90;    9;    36.2;    7.6;eor
        603;20130901;20130930;    9;  5.99;  14.39;   19.08;   10.20;    2.03;  31.7;  13.4;   3.1; 135.20;    9;    83.9;   28.9;eor
        603;20131001;20131031;    9;  6.63;  12.06;   15.65;    8.36;    2.39;  22.4;  23.8;   0.7;  93.30;    9;    72.1;   11.7;eor
        603;20131101;20131130;    9;  6.78;   5.63;    8.30;    3.01;    2.07;  16.4;  17.5;  -3.0;  43.50;    9;    92.4;   26.0;eor
        603;20131201;20131231;    9;  6.72;   5.45;    8.22;    2.28;    2.71;  13.4;  21.2;  -1.3;  66.10;    9;    29.3;    8.1;eor
        603;20140101;20140131;    9;  6.66;   5.39;    8.05;    2.62;    2.58;  13.9;  16.3;  -2.1;  83.10;    9;    36.7;    7.5;eor
        603;20140201;20140228;    9;  6.40;   6.33;    9.52;    3.04;    3.00;  13.8;  23.1;  -1.7;  82.20;    9;    23.8;    4.9;eor
        603;20140301;20140331;    9;  4.61;   8.79;   14.62;    3.05;    2.23;  21.8;  18.0;  -2.7; 195.30;    9;     9.5;    4.4;eor
        603;20140401;20140430;    9;  6.22;  12.33;   17.78;    6.69;    1.97;  25.2;  17.0;  -1.1; 157.30;    9;    37.9;    7.9;eor
        603;20140501;20140531;    9;  5.75;  13.40;   18.56;    8.02;    2.10;  27.5;  16.8;   1.2; 191.50;    9;    74.2;   14.9;eor
        603;20140601;20140630;    9;  5.21;  16.51;   22.29;   10.80;    1.93;  32.1;  25.0;   6.5; 230.00;    9;    61.4;   21.8;eor
        603;20140701;20140731;    9;  5.79;  19.56;   25.01;   14.60;    1.97;  32.8;  14.2;   7.7; 219.10;    9;   234.9;   42.0;eor
        603;20140801;20140831;    9;  -999;  16.29;   21.29;   12.36;-999;  28.3;-999;   7.4; 160.90;    9;   144.3;   39.0;eor
        603;20140901;20140930;    9;  5.70;  15.63;   20.57;   11.21;    1.70;  25.0;  16.0;   6.5; 143.10;    9;    44.2;   28.9;eor
        603;20141001;20141031;    9;  6.34;  12.93;   17.21;    9.22;    2.13;  23.3;  17.7;   2.3; 114.90;    9;    63.0;   10.7;eor
        603;20141101;20141130;    9;  6.78;   7.84;   10.80;    5.26;    2.30;  20.3;  15.3;  -2.4;  71.30;    9;    52.7;   21.1;eor
        603;20141201;20141231;    9;  7.01;   4.21;    6.12;    2.00;    2.32;  13.6;  17.3;  -6.4;  21.30;    9;    73.3;   10.1;eor
        603;20150101;20150131;    9;  6.78;   3.26;    5.77;    0.66;    2.42;  14.7;  20.7;  -4.1;  48.10;    9;    86.2;   11.8;eor
        603;20150201;20150228;    9;  5.76;   2.64;    5.57;   -0.12;    2.39;   9.9;  16.0;  -5.8;  97.70;    9;    49.4;    9.8;eor
        603;20150301;20150331;    9;  6.22;   6.40;   10.69;    2.38;    2.35;  18.2;  24.6;  -1.8; 122.80;    9;    43.1;   12.9;eor
        603;20150401;20150430;    9;  5.49;  10.12;   15.60;    4.16;    2.07;  25.3;  19.5;  -0.9; 246.40;    9;    46.0;   23.5;eor
        603;20150501;20150531;    9;  6.28;  13.52;   18.76;    8.23;    2.13;  26.3;  19.7;   2.3; 201.10;    9;    21.6;    6.5;eor
        603;20150601;20150630;    9;  5.70;  16.61;   21.77;   10.72;    2.03;  32.8;  15.0;   5.4; 239.70;    9;    98.2;   21.4;eor
        603;20150701;20150731;    9;  -999;  19.81;   25.07;   14.70;-999;  35.0;  22.1;   6.6; 220.20;    9;    73.9;   14.8;eor
        603;20150801;20150831;    9;  5.76;  19.66;   25.15;   14.15;    1.97;  33.5;  14.9;   9.7; 235.70;    9;   122.2;   27.0;eor
        603;20150901;20150930;    9;  5.66;  13.47;   18.02;    9.54;    2.13;  22.9;  15.1;   4.2; 142.40;    9;    87.1;   24.1;eor
        603;20151001;20151031;    9;  6.25;   9.63;   13.32;    6.28;    1.65;  21.8;  12.0;   0.3;  95.20;    9;    35.2;   13.8;eor
        603;20151101;20151130;    9;  6.83;   9.33;   12.21;    6.48;    2.33;  18.7;  19.9;  -0.9;  55.70;    9;    75.3;   12.0;eor
        603;20151201;20151231;    9;  6.87;   8.86;   11.58;    6.08;    2.65;  15.0;  16.2;   0.3;  83.30;    9;    54.5;   13.1;eor
        603;20160101;20160131;    9;  6.75;   4.16;    6.55;    1.59;-999;  13.8;-999;  -7.9;  60.20;    9;    56.5;    7.9;eor
        603;20160201;20160229;    9;  6.63;   4.47;    7.59;    1.48;    2.41;  14.5;  17.7;  -4.6;  65.50;    9;    68.5;   12.3;eor
        603;20160301;20160331;    9;  6.26;   4.98;    8.55;    1.53;    2.29;  14.9;  20.2;  -4.2; 101.50;    9;    62.1;   18.3;eor
        603;20160401;20160430;    9;  6.03;   9.14;   13.91;    4.44;    2.27;  20.9;  16.4;   0.1; 154.30;    9;    44.3;   11.6;eor
        603;20160501;20160531;    9;  6.15;  14.59;   19.62;    9.52;    2.23;  25.4;  13.8;   2.2; 194.60;    9;    49.8;   21.0;eor
        603;20160601;20160630;    9;  6.74;  17.20;   22.04;   13.16;    1.97;  33.1;  15.1;   8.1; 159.10;    9;   150.8;   47.1;eor
        603;20160701;20160731;    9;  6.54;  19.14;   24.07;   14.44;    1.87;  33.9;  13.4;   9.1; 176.30;    9;    71.3;   29.5;eor
        603;20160801;20160831;    9;  4.78;  18.75;   24.47;   13.12;    2.00;  34.1;  20.8;   7.2; 229.70;    9;    41.3;   12.0;eor
        603;20160901;20160930;    9;  5.12;  18.01;   24.07;   12.46;    1.90;  31.5;  14.5;   5.7; 238.00;    9;    22.7;   10.9;eor
        603;20161001;20161031;    9;  6.39;   9.36;   13.30;    5.52;    1.77;  18.7;  13.4;   1.1;  79.80;    9;    48.3;   11.5;eor
        603;20161101;20161130;    9;  6.76;   5.66;    8.61;    2.56;    2.20;  14.7;  19.4;  -6.1;  66.60;    9;    67.6;   14.2;eor
        603;20161201;20161231;    9;  5.70;   3.62;    6.63;    0.79;    2.10;  11.3;  17.2;  -7.1;  81.60;    9;    20.8;   10.6;eor
        603;20170101;20170131;    9;  5.57;  -0.21;    2.72;   -3.02;    2.06;   7.3;  24.1;  -9.1;  85.80;    9;    41.5;    8.4;eor
        603;20170201;20170228;    9;  6.69;   5.47;    8.51;    2.57;    2.46;  15.8;  20.6;  -1.2;  63.20;    9;    48.5;    7.0;eor
        603;20170301;20170331;    9;  6.92;   9.32;   13.95;    4.61;    2.35;  23.0;  19.6;  -0.5; 155.50;    9;    61.7;   21.1;eor
        603;20170401;20170430;    3;  5.74;   8.48;   13.41;    3.08;    2.07;  22.8;  16.0;  -3.6; 173.35;    9;    18.6;   12.0;eor
        603;20170501;20170531;    3;  6.04;  15.45;   20.86;    9.77;    2.00;  32.9;  12.3;   0.8; 231.55;    9;    51.8;   15.5;eor
        603;20170601;20170630;    3;  -999;  19.10;   24.84;   13.03;    2.13;  35.7;  17.8;   8.5; 219.53;    9;    49.9;   14.7;eor
        603;20170701;20170731;    3;  -999;  19.05;   24.35;   14.01;    2.16;  32.9;  19.2;   7.5; 188.45;    9;   109.2;   23.7;eor
        603;20170801;20170831;    3;  -999;  18.09;   22.84;   13.33;    1.81;  28.8;  14.5;   8.4; 165.95;    9;   121.7;   19.5;eor
        603;20170901;20170930;    3;  6.28;  13.80;   18.61;    9.79;    2.03;  24.3;  19.3;   5.6; 125.52;    9;    70.8;   20.8;eor
        603;20171001;20171031;    3;  6.27;  12.66;   16.39;    9.28;    2.16;  22.6;  18.8;   3.7;  96.53;    9;    45.4;    9.0;eor
        603;20171101;20171130;    3;  7.12;   6.35;    9.20;    3.49;    2.03;  15.1;  16.7;   0.2;  48.63;    9;    67.7;    8.9;eor
        603;20171201;20171231;    3;  7.34;   4.32;    6.23;    2.21;    2.35;  13.7;  17.0;  -3.8;   9.68;    9;    83.8;   10.1;eor
        603;20180101;20180131;    3;  7.45;   5.69;    8.05;    3.31;    2.55;  13.1;  28.4;  -0.3;  32.25;    9;    70.3;    9.7;eor
        603;20180201;20180228;    3;  4.36;  -0.38;    3.41;   -3.73;    2.32;   7.9;  15.8; -10.1; 140.22;    9;    15.7;    3.1;eor
        603;20180301;20180331;    3;  6.85;   4.68;    8.80;    0.74;-999;  15.6;-999;  -7.4; 114.55;    9;    63.2;   11.1;eor
        603;20180401;20180430;    3;  -999;  13.46;   18.94;    7.57;    2.27;  28.1;  16.3;   0.1; 188.13;    9;    45.0;   13.9;eor
        603;20180501;20180531;    3;  -999;  16.53;   22.80;   10.05;    1.97;  29.4;  12.1;   2.3; 288.87;    9;    86.6;   27.6;eor
        603;20180601;20180630;    3;  5.53;  18.10;   23.11;   13.12;    2.00;  29.6;  14.5;   8.0; 206.90;    9;    57.1;   26.0;eor
        603;20180701;20180731;    3;  -999;  21.40;   28.05;   14.43;    1.90;  35.8;  15.9;   9.7; 317.00;    9;    50.8;   19.3;eor
        603;20180801;20180831;    3;  -999;  20.21;   26.65;   13.85;    1.97;  36.9;  16.1;   7.4; 253.16;    9;    31.7;    6.1;eor
        603;20180901;20180930;    3;  -999;  15.56;   21.80;    9.62;    1.77;  32.7;  17.3;   1.3; 201.90;    9;    56.3;   36.5;eor
        603;20181001;20181031;    3;  5.67;  11.83;   16.87;    6.99;    1.90;  25.8;  16.5;   0.7; 143.79;    9;    19.5;    7.5;eor
        603;20181101;20181130;    3;  6.30;   6.87;   10.36;    3.38;    2.23;  18.8;  15.4;  -3.3;  85.00;    9;    19.8;   10.9;eor
        603;20181201;20181231;    3;  6.92;   5.31;    7.85;    2.50;    2.32;  14.4;  20.1;  -3.7;  39.97;    9;   101.6;   18.7;eor
        603;20190101;20190131;    3;  7.04;   1.98;    4.20;   -0.52;    2.42;   8.2;  17.2;  -9.1;  45.75;    9;   108.5;   21.7;eor
        603;20190201;20190228;    3;  -999;   6.06;   11.50;    1.36;    2.36;  20.7;  17.0;  -3.1; 139.03;    9;    20.3;    7.8;eor
        603;20190301;20190331;    3;  5.93;   7.76;   12.20;    3.53;    2.48;  19.8;  24.3;  -0.8; 111.63;    9;    75.7;   20.7;eor
        603;20190401;20190430;    3;  -999;  10.76;   16.50;    4.98;-999;  25.3;-999;  -1.8; 195.70;-999;-999;-999;eor
        603;20190501;20190531;    3;  6.21;  11.50;   16.66;    6.68;    2.06;  23.4;  11.7;  -0.1; 174.20;    9;    92.7;   18.1;eor
        603;20190601;20190630;    3;  -999;  20.11;   26.56;   13.08;    2.10;  35.6;  17.6;   8.2; 316.48;    9;    33.1;    8.4;eor
        603;20190701;20190731;    3;  5.57;  19.56;   25.59;   13.52;    1.90;  40.9;  13.4;   7.3; 232.33;    9;    38.0;   12.2;eor
        603;20190801;20190831;    3;  4.80;  19.56;   26.13;   13.63;    1.84;  34.0;  14.4;   8.6; 229.80;    9;    44.5;   12.7;eor
        603;20190901;20190930;    3;  -999;  14.82;   20.30;    9.91;    2.10;  27.3;  17.2;   3.0; 156.49;    9;    37.2;   10.0;eor
        603;20191001;20191031;    3;  -999;  11.90;   15.36;    8.49;    2.29;  23.9;  18.3;  -1.8;-999;-999;-999;-999;eor
        603;20191101;20191130;    3;  -999;   6.13;    8.99;    3.20;-999;  16.3;-999;  -1.9;-999;    9;    68.3;   16.4;eor
        603;20191201;20191231;    3;  -999;   5.51;    8.05;    2.71;    2.39;  16.5;  19.8;  -3.2;-999;    9;    66.3;   12.5;eor
        603;20200101;20200131;    3;  -999;   5.22;    7.80;    2.02;-999;  15.3;-999;  -5.0;-999;    9;    27.5;    9.4;eor
        603;20200201;20200229;    3;  -999;   6.65;    9.75;    3.03;    3.31;  18.0;  25.5;  -1.3;-999;    3;    83.1;-999;eor
        603;20200301;20200331;    3;  -999;   7.15;   11.77;    2.46;-999;  17.5;-999;  -4.1;-999;    9;    58.9;   14.1;eor
        603;20200401;20200430;    3;  -999;  12.26;   18.67;    4.62;    1.83;  24.2;  14.7;  -2.9;-999;    3;    15.5;    8.9;eor
        603;20200501;20200531;    3;  -999;  13.18;   19.32;    5.76;    1.97;  27.4;  16.3;  -1.5;-999;    3;    11.8;    3.6;eor
        603;20200601;20200630;    3;  -999;  17.56;   23.17;   11.58;    1.97;  30.3;  17.2;   7.4;-999;    3;    60.8;   17.3;eor
        603;20200701;20200731;    3;  -999;  18.35;   24.15;   11.80;    1.94;  35.3;  14.4;   7.8;-999;    3;    23.2;    6.3;eor
        603;20200801;20200831;    3;  -999;  21.30;   27.31;   15.33;    2.06;  36.3;  20.9;   8.2;-999;    3;    87.6;   44.2;eor
        603;20200901;20200930;    3;  -999;  15.96;   22.06;    9.79;    1.63;  33.0;  16.9;   6.0;-999;    3;    50.9;   29.5;eor
        603;20201001;20201031;    3;  7.17;  11.46;   14.24;    8.66;    2.68;  21.2;  17.1;   3.5;-999;    3;    73.9;   14.7;eor
        603;20201101;20201130;    3;  5.54;   7.95;   11.47;    4.24;    2.40;  20.5;  16.7;  -6.0;-999;    3;    27.5;    8.1;eor
        603;20201201;20201231;    3;  6.94;   5.27;    7.41;    2.99;    2.61;  15.0;  21.7;  -2.7;-999;    3;    61.2;   11.0;eor
