STATIONS_ID;MESS_DATUM;QN_3;  FX;  FM;QN_4; RSK;RSKF; SDK;SHK_TAG;  NM; VPM;  PM; TMK; UPM; TXK; TNK; TGK;eor
       3490;20200322;-999;-999;-999;    3;   0.0;   0;   10.783;   0;  -999;   3.7;    -999;    4.7;   44.71;   10.2;    0.9;   -1.9;eor
       3490;20200323;-999;-999;-999;    3;   0.0;   0;   10.833;   0;  -999;   3.0;    -999;    3.2;   42.17;    9.6;   -2.9;   -6.6;eor
       3490;20200324;-999;-999;-999;    3;   0.0;   0;   10.867;   0;  -999;   3.2;    -999;    2.2;   49.75;    9.8;   -4.9;   -8.2;eor
       3490;20200325;-999;-999;-999;    3;   0.0;   0;   10.867;   0;  -999;   3.1;    -999;    3.3;   46.92;   12.2;   -5.3;   -9.6;eor
       3490;20200326;-999;-999;-999;    3;   0.0;   0;   10.883;   0;  -999;   4.1;    -999;    3.9;   53.08;   11.4;   -3.9;   -7.8;eor
       3490;20200327;-999;-999;-999;    3;   0.0;   0;   10.817;   0;  -999;   5.9;    -999;    7.5;   59.50;   16.9;   -0.7;   -1.9;eor
       3490;20200328;-999;-999;-999;    3;   0.0;   0;   10.767;   0;  -999;   6.5;    -999;    9.1;   58.83;   17.1;    2.1;    1.2;eor
       3490;20200329;-999;-999;-999;    3;   0.3;   4;    0.200;   0;  -999;   5.6;    -999;    3.8;   69.58;    6.5;    0.1;   -3.2;eor
       3490;20200330;-999;-999;-999;    3;   0.3;   4;    8.167;   0;  -999;   4.2;    -999;    2.8;   56.58;    7.8;   -4.7;   -7.8;eor
       3490;20200331;-999;-999;-999;    3;   0.0;   4;   10.067;   0;  -999;   5.2;    -999;    5.1;   61.29;   10.2;   -1.0;   -4.4;eor
       3490;20200401;-999;-999;-999;    3;   0.0;   0;   11.117;   0;  -999;   4.2;    -999;    4.2;   55.08;   11.5;   -2.5;   -4.7;eor
       3490;20200402;-999;-999;-999;    3;   0.0;   4;   11.200;   0;  -999;   5.4;    -999;    5.5;   61.08;   11.4;   -1.5;   -3.0;eor
       3490;20200403;-999;-999;-999;    3;   0.0;   0;    0.783;   0;  -999;   6.4;    -999;    8.3;   59.46;   11.9;    2.1;   -1.8;eor
       3490;20200404;-999;-999;-999;    3;   0.0;   0;   11.333;   0;  -999;   5.4;    -999;    6.5;   59.92;   14.7;   -0.4;   -2.7;eor
       3490;20200405;-999;-999;-999;    3;   0.0;   0;   11.383;   0;  -999;   6.1;    -999;    9.1;   59.79;   19.7;   -1.4;   -4.9;eor
       3490;20200406;-999;-999;-999;    3;   0.0;   0;   11.417;   0;  -999;   6.1;    -999;   13.2;   47.25;   22.9;    2.1;   -2.2;eor
       3490;20200407;-999;-999;-999;    3;   0.0;   0;   11.283;   0;  -999;   9.4;    -999;   14.4;   58.54;   22.4;    7.0;    3.7;eor
       3490;20200408;-999;-999;-999;    3;   0.0;   4;   10.667;   0;  -999;   8.8;    -999;   15.0;   56.96;   24.3;    5.8;    1.8;eor
       3490;20200409;-999;-999;-999;    3;   0.0;   0;   11.467;   0;  -999;   9.3;    -999;   15.9;   54.38;   23.2;    6.8;    3.8;eor
       3490;20200410;-999;-999;-999;    3;   0.0;   0;   11.550;   0;  -999;   8.8;    -999;   14.1;   58.38;   22.5;    6.7;    4.2;eor
       3490;20200411;-999;-999;-999;    3;   0.0;   0;   11.367;   0;  -999;   8.3;    -999;   14.0;   56.75;   23.6;    3.9;    1.3;eor
       3490;20200412;-999;-999;-999;    3;   0.0;   4;    9.667;   0;  -999;   8.3;    -999;   15.1;   54.04;   23.4;    5.8;    2.2;eor
       3490;20200413;-999;-999;-999;    3;   0.4;   4;    4.300;   0;  -999;   6.8;    -999;    8.8;   59.38;   11.9;    1.1;   -2.3;eor
       3490;20200414;-999;-999;-999;    3;   0.0;   0;    5.383;   0;  -999;   5.1;    -999;    5.7;   56.83;   11.2;    0.9;   -1.6;eor
       3490;20200415;-999;-999;-999;    3;   0.0;   0;   11.050;   0;  -999;   5.9;    -999;    8.8;   56.63;   19.6;   -0.2;   -1.4;eor
       3490;20200416;-999;-999;-999;    3;   0.0;   0;   10.900;   0;  -999;   7.6;    -999;   14.5;   50.42;   25.0;    2.1;   -0.5;eor
       3490;20200417;-999;-999;-999;    3;   0.0;   0;   11.500;   0;  -999;   9.4;    -999;   15.7;   55.88;   23.8;    7.6;    6.4;eor
       3490;20200418;-999;-999;-999;    3;   0.4;   4;    2.933;   0;  -999;  12.0;    -999;   14.0;   75.58;   20.3;    7.3;    5.8;eor
       3490;20200419;-999;-999;-999;    3;   0.1;   4;    1.400;   0;  -999;  10.9;    -999;   12.2;   77.17;   18.3;    4.8;    0.4;eor
       3490;20200420;-999;-999;-999;    3;   0.0;   4;   11.983;   0;  -999;   5.7;    -999;   11.6;   48.04;   19.7;    0.7;   -2.7;eor
       3490;20200421;-999;-999;-999;    3;   0.0;   0;   12.167;   0;  -999;   5.9;    -999;   12.5;   46.00;   21.4;    1.5;   -2.2;eor
       3490;20200422;-999;-999;-999;    3;   0.0;   0;   12.317;   0;  -999;   6.3;    -999;   13.2;   48.54;   22.9;    1.7;   -2.1;eor
       3490;20200423;-999;-999;-999;    3;   0.0;   4;   12.483;   0;  -999;   7.3;    -999;   13.1;   55.08;   23.1;    2.2;   -1.5;eor
       3490;20200424;-999;-999;-999;    3;   0.0;   0;   10.350;   0;  -999;   7.9;    -999;   13.7;   55.00;   21.9;    4.5;    2.1;eor
       3490;20200425;-999;-999;-999;    3;   0.0;   0;    7.317;   0;  -999;   7.5;    -999;   10.2;   62.21;   16.2;    5.5;    3.4;eor
       3490;20200426;-999;-999;-999;    3;   0.0;   0;   12.600;   0;  -999;   7.5;    -999;   11.7;   58.63;   20.2;    2.7;    1.6;eor
       3490;20200427;-999;-999;-999;    3;   0.1;   4;    9.750;   0;  -999;   8.1;    -999;   14.0;   53.75;   22.8;    5.2;    4.1;eor
       3490;20200428;-999;-999;-999;    3;   0.2;   4;    1.967;   0;  -999;  11.3;    -999;   12.9;   75.75;   18.0;    5.2;    2.3;eor
       3490;20200429;-999;-999;-999;    3;   3.3;   4;    6.583;   0;  -999;  10.2;    -999;   14.9;   60.63;   18.5;   10.3;    7.2;eor
       3490;20200430;-999;-999;-999;    3;   8.3;   4;    6.100;   0;  -999;   9.8;    -999;   11.8;   72.54;   16.8;    7.5;    4.8;eor
       3490;20200501;-999;-999;-999;    3;   1.9;   4;    5.683;-999;  -999;   9.1;    -999;   10.6;   71.92;   15.7;    4.9;    3.9;eor
       3490;20200502;-999;-999;-999;    3;   0.3;   4;    6.517;-999;  -999;   8.7;    -999;    9.5;   74.29;   14.3;    5.9;    3.2;eor
       3490;20200503;-999;-999;-999;    3;   0.8;   4;    7.717;-999;  -999;   8.2;    -999;   11.3;   64.71;   17.9;    2.5;    0.6;eor
       3490;20200504;-999;-999;-999;    3;   0.9;   4;    1.483;-999;  -999;  10.1;    -999;   10.8;   78.50;   15.2;    5.2;    1.9;eor
       3490;20200505;-999;-999;-999;    3;   0.0;   0;   11.317;-999;  -999;   6.7;    -999;    9.3;   62.71;   16.7;    3.3;    1.4;eor
       3490;20200506;-999;-999;-999;    3;   0.0;   0;   13.300;-999;  -999;   6.2;    -999;   10.3;   54.25;   18.3;    1.7;    0.7;eor
       3490;20200507;-999;-999;-999;    3;   0.0;   0;   13.250;-999;  -999;   7.4;    -999;   13.5;   51.67;   22.1;    3.9;    3.0;eor
       3490;20200508;-999;-999;-999;    3;   0.0;   0;   10.150;-999;  -999;   8.2;    -999;   15.9;   49.13;   23.3;    8.0;    7.1;eor
       3490;20200509;-999;-999;-999;    3;   0.2;   4;    6.150;-999;  -999;  10.9;    -999;   16.0;   61.63;   23.4;    9.5;    7.2;eor
       3490;20200510;-999;-999;-999;    3;   5.1;   4;    2.117;-999;  -999;  14.6;    -999;   14.7;   86.29;   20.9;    9.0;    7.2;eor
       3490;20200511;-999;-999;-999;    3;   0.7;   4;    3.467;-999;  -999;   6.7;    -999;    8.4;   62.92;   12.6;    1.6;   -0.1;eor
       3490;20200512;-999;-999;-999;    3;   0.0;   0;   10.900;-999;  -999;   5.8;    -999;    7.0;   60.79;   13.1;    0.4;   -0.7;eor
       3490;20200513;-999;-999;-999;    3;   0.0;   0;    4.600;-999;  -999;   6.5;    -999;    8.8;   59.13;   13.4;    2.7;    1.6;eor
       3490;20200514;-999;-999;-999;    3;   0.1;   4;    7.667;-999;  -999;   6.3;    -999;    9.7;   55.08;   15.5;    3.9;    1.6;eor
       3490;20200515;-999;-999;-999;    3;   0.0;   0;   13.350;-999;  -999;   6.1;    -999;    9.8;   53.79;   16.7;    1.8;    0.7;eor
       3490;20200516;-999;-999;-999;    3;   0.0;   4;   12.117;-999;  -999;   7.0;    -999;   11.9;   53.83;   19.2;    3.0;    2.2;eor
       3490;20200517;-999;-999;-999;    3;   0.0;   0;   13.267;-999;  -999;   7.9;    -999;   12.9;   56.25;   19.3;    5.7;    3.6;eor
       3490;20200518;-999;-999;-999;    3;   0.0;   0;   12.217;-999;  -999;   9.7;    -999;   16.2;   56.25;   24.5;    5.3;    4.0;eor
       3490;20200519;-999;-999;-999;    3;   0.1;   4;   11.083;-999;  -999;  10.3;    -999;   17.5;   53.75;   24.3;    8.5;    7.4;eor
       3490;20200520;-999;-999;-999;    3;   0.0;   4;    8.500;-999;  -999;  12.9;    -999;   17.0;   67.67;   22.9;   11.2;    8.8;eor
       3490;20200521;-999;-999;-999;    3;   0.0;   0;   13.450;-999;  -999;  13.0;    -999;   18.9;   63.46;   28.0;    9.2;    7.2;eor
       3490;20200522;-999;-999;-999;    3;   2.4;   4;    0.600;-999;  -999;  15.7;    -999;   19.0;   73.50;   27.2;   10.9;    8.8;eor
       3490;20200523;-999;-999;-999;    3;   0.6;   4;    3.333;-999;  -999;  11.1;    -999;   13.2;   73.88;   17.6;    7.7;    4.2;eor
       3490;20200524;-999;-999;-999;    3;   0.6;   4;    4.850;-999;  -999;  10.1;    -999;   13.9;   64.29;   18.4;   10.1;    7.8;eor
       3490;20200525;-999;-999;-999;    3;   0.0;   0;    3.233;-999;  -999;  12.1;    -999;   15.1;   71.71;   20.7;    8.7;    5.1;eor
       3490;20200526;-999;-999;-999;    3;   0.0;   0;   13.500;-999;  -999;   9.6;    -999;   15.4;   59.46;   23.2;    7.7;    6.5;eor
       3490;20200527;-999;-999;-999;    3;   0.0;   0;   12.667;-999;  -999;  10.2;    -999;   17.8;   53.75;   25.3;    7.0;    5.2;eor
       3490;20200528;-999;-999;-999;    3;   0.0;   0;   13.700;-999;  -999;   8.4;    -999;   16.2;   48.21;   22.5;    7.9;    5.1;eor
       3490;20200529;-999;-999;-999;    3;   0.0;   4;   12.433;-999;  -999;   7.9;    -999;   15.3;   49.50;   24.1;    6.8;    4.4;eor
       3490;20200530;-999;-999;-999;    3;   0.0;   4;    9.367;-999;  -999;   8.0;    -999;   15.5;   49.83;   24.4;    5.7;    2.9;eor
       3490;20200531;-999;-999;-999;    3;   0.0;   0;   13.267;-999;  -999;   8.3;    -999;   15.1;   52.00;   23.2;    7.9;    5.8;eor
       3490;20200601;-999;-999;-999;    3;   0.0;   0;   14.100;-999;  -999;   9.9;    -999;   17.8;   53.46;   27.3;    7.5;    5.2;eor
       3490;20200602;-999;-999;-999;    3;   0.0;   0;   13.367;-999;  -999;  10.5;    -999;   20.4;   48.46;   29.3;    9.7;    6.9;eor
       3490;20200603;-999;-999;-999;    3;   7.2;   4;   10.167;-999;  -999;  11.4;    -999;   20.4;   49.46;   26.1;   13.8;   11.9;eor
       3490;20200604;-999;-999;-999;    3;   1.7;   4;    0.000;-999;  -999;  14.0;    -999;   13.6;   89.29;   16.0;    9.9;    9.4;eor
       3490;20200605;-999;-999;-999;    3;   4.4;   4;    2.083;-999;  -999;  10.1;    -999;   11.2;   75.92;   15.1;    7.3;    5.8;eor
       3490;20200606;-999;-999;-999;    3;   1.4;   4;    7.950;-999;  -999;   8.9;    -999;   12.6;   63.83;   18.9;    7.2;    5.4;eor
       3490;20200607;-999;-999;-999;    3;   0.0;   0;    6.300;-999;  -999;   9.1;    -999;   13.5;   61.17;   20.0;    5.8;    4.1;eor
       3490;20200608;-999;-999;-999;    3;   0.6;   4;    2.450;-999;  -999;  11.3;    -999;   13.2;   74.92;   20.5;    8.1;    6.9;eor
       3490;20200609;-999;-999;-999;    3;   2.4;   4;    1.950;-999;  -999;  13.2;    -999;   14.4;   80.75;   19.0;   10.0;    9.2;eor
       3490;20200610;-999;-999;-999;    3;   0.9;   4;    0.500;-999;  -999;  13.9;    -999;   15.4;   80.42;   19.6;   12.6;   12.3;eor
       3490;20200611;-999;-999;-999;    3;   0.3;   4;    1.117;-999;  -999;  13.8;    -999;   15.7;   78.38;   20.2;   10.9;    8.8;eor
       3490;20200612;-999;-999;-999;    3;   0.4;   4;   11.350;-999;  -999;  14.2;    -999;   19.4;   67.29;   28.9;    8.2;    6.4;eor
       3490;20200613;-999;-999;-999;    3;   0.0;   0;    4.733;-999;  -999;  15.3;    -999;   21.1;   62.50;   26.6;   15.7;   15.3;eor
       3490;20200614;-999;-999;-999;    3;   0.0;   0;    0.000;-999;  -999;  14.5;    -999;   19.6;   64.00;   22.2;   15.6;   14.5;eor
       3490;20200615;-999;-999;-999;    3;   1.1;   4;    0.133;-999;  -999;  15.4;    -999;   19.0;   70.75;   22.4;   15.8;   15.6;eor
       3490;20200616;-999;-999;-999;    3;   2.2;   4;    2.300;-999;  -999;  17.0;    -999;   17.3;   86.92;   21.9;   11.3;   10.1;eor
       3490;20200617;-999;-999;-999;    3;   4.5;   4;    3.733;-999;  -999;  16.1;    -999;   17.7;   81.50;   25.4;   11.3;   10.1;eor
       3490;20200618;-999;-999;-999;    3;   0.0;   4;    9.650;-999;  -999;  13.8;    -999;   18.6;   66.83;   25.2;   12.1;   10.7;eor
       3490;20200619;-999;-999;-999;    3;   1.8;   4;    6.483;-999;  -999;  14.4;    -999;   17.2;   75.25;   24.1;   10.2;    8.9;eor
       3490;20200620;-999;-999;-999;    3;   0.0;   0;    4.450;-999;  -999;  13.5;    -999;   17.7;   69.08;   23.4;   12.4;   11.8;eor
       3490;20200621;-999;-999;-999;    3;   0.0;   0;    9.750;-999;  -999;  13.3;    -999;   19.9;   61.46;   27.1;   11.5;   10.3;eor
       3490;20200622;-999;-999;-999;    3;   0.0;   4;    5.917;-999;  -999;  13.4;    -999;   18.3;   64.83;   24.4;   13.4;   12.5;eor
       3490;20200623;-999;-999;-999;    3;   0.0;   0;   14.167;-999;  -999;  12.7;    -999;   20.1;   59.33;   28.7;   11.5;   11.0;eor
       3490;20200624;-999;-999;-999;    3;   0.0;   0;   14.450;-999;  -999;  11.7;    -999;   21.9;   49.71;   30.3;   13.1;   11.3;eor
       3490;20200625;-999;-999;-999;-999;-999;-999;-999;-999;  -999;  -999;    -999;   -999;-999;-999;-999;-999;eor
       3490;20200629;-999;-999;-999;-999;-999;-999;-999;-999;  -999;  -999;    -999;   -999;-999;-999;-999;-999;eor
       3490;20200630;-999;-999;-999;-999;-999;-999;-999;-999;  -999;  -999;    -999;   -999;-999;-999;-999;-999;eor
       3490;20200706;-999;-999;-999;    3;   1.0;   4;    5.000;-999;-999;-999;-999;-999;-999;   20.0;   11.0;    8.0;eor
       3490;20200707;-999;-999;-999;    3;   0.1;   4;    7.500;-999;  -999;  -999;    -999;   14.0;-999;   22.6;    9.0;    5.0;eor
       3490;20200708;-999;-999;-999;    3;   4.9;   4;    0.000;-999;  -999;  14.9;    -999;   15.3;   85.25;   17.3;   12.3;   11.9;eor
       3490;20200709;-999;-999;-999;    3;   0.0;   0;    4.067;-999;  -999;  16.5;    -999;   20.8;   71.00;   27.8;   15.9;   15.2;eor
       3490;20200710;-999;-999;-999;    3;   0.0;   0;    1.267;-999;  -999;  14.2;    -999;   18.0;   68.54;   21.1;   12.8;   11.3;eor
       3490;20200711;-999;-999;-999;    3;   0.0;   0;    7.517;-999;  -999;  10.7;    -999;   16.0;   61.25;   21.9;   11.3;    9.8;eor
       3490;20200712;-999;-999;-999;    3;   0.0;   0;   12.000;-999;  -999;  -999;    -999;   17.4;-999;   23.8;    8.0;    7.0;eor
       3490;20200713;-999;-999;-999;    3;   0.0;   0;   11.000;-999;  -999;  -999;    -999;   19.7;-999;   27.6;    9.0;    6.0;eor
       3490;20200714;-999;-999;-999;    3;   1.1;   4;    5.483;-999;  -999;  12.8;    -999;   17.9;   65.50;   26.7;   12.3;   11.4;eor
       3490;20200715;-999;-999;-999;    3;   0.9;   4;    4.250;-999;  -999;  12.1;    -999;   17.3;   62.33;   21.4;   14.4;   14.3;eor
       3490;20200716;-999;-999;-999;    3;   3.0;   4;    0.000;-999;  -999;  15.0;    -999;   16.0;   82.88;   19.2;   13.7;   13.7;eor
       3490;20200717;-999;-999;-999;    3;   0.0;   0;    4.900;-999;  -999;  14.8;    -999;   18.0;   73.63;   24.5;   13.8;   12.8;eor
       3490;20200718;-999;-999;-999;    3;   0.0;   0;    5.750;-999;  -999;  14.1;    -999;   19.5;   65.96;   27.6;   12.6;   11.8;eor
       3490;20200719;-999;-999;-999;    3;   0.0;   0;    8.767;-999;  -999;  12.7;    -999;   22.5;   52.17;   31.3;   13.8;   13.2;eor
       3490;20200720;-999;-999;-999;    3;   0.0;   0;    2.517;-999;  -999;  13.5;    -999;   17.9;   66.38;   23.0;   11.3;    9.4;eor
       3490;20200721;-999;-999;-999;    3;   0.0;   0;   11.300;-999;  -999;   9.7;    -999;   16.4;   52.81;   23.4;    9.6;    8.3;eor
       3490;20200722;-999;-999;-999;    3;   0.0;   0;   13.500;-999;  -999;  10.2;    -999;   18.0;   51.52;   24.0;    8.9;    7.1;eor
       3490;20200723;-999;-999;-999;    3;   0.0;   0;   12.383;-999;  -999;  10.2;    -999;   19.3;   49.08;   27.0;    9.9;    8.3;eor
       3490;20200724;-999;-999;-999;    3;   0.0;   0;    2.533;-999;  -999;  12.6;    -999;   21.1;   51.67;   26.9;   14.2;   12.5;eor
       3490;20200725;-999;-999;-999;    3;   6.6;   4;    0.533;-999;  -999;  14.2;    -999;   20.5;   61.50;   26.2;   12.6;   10.5;eor
       3490;20200726;-999;-999;-999;    3;   0.0;   0;    6.850;-999;  -999;  14.7;    -999;   19.5;   67.42;   25.5;   13.5;   12.3;eor
       3490;20200727;-999;-999;-999;    3;   0.0;   0;    5.083;-999;  -999;  12.7;    -999;   21.6;   55.33;   31.6;   11.5;   10.6;eor
       3490;20200728;-999;-999;-999;    3;   0.0;   0;    6.200;-999;  -999;  12.5;    -999;   20.9;   52.29;   26.5;   12.2;   10.2;eor
       3490;20200729;-999;-999;-999;    3;   0.0;   0;   12.333;-999;  -999;  11.1;    -999;   17.9;   57.00;   25.1;   10.0;    8.5;eor
       3490;20200730;-999;-999;-999;    3;   0.0;   0;   13.300;-999;  -999;  11.3;    -999;   20.6;   50.42;   30.2;   11.3;   10.7;eor
       3490;20200731;-999;-999;-999;    3;   0.0;   0;   13.350;-999;  -999;  11.9;    -999;   25.1;   42.67;   36.5;   13.9;   13.3;eor
       3490;20200801;-999;-999;-999;    3;   3.4;   4;    5.933;-999;  -999;  19.0;    -999;   23.2;   66.67;   31.2;   16.5;   15.2;eor
       3490;20200802;-999;-999;-999;    3;   0.0;   0;    5.550;-999;  -999;  14.6;    -999;   21.2;   59.13;   25.5;   15.1;   14.0;eor
       3490;20200803;-999;-999;-999;    3;   0.0;   0;    6.000;-999;  -999;  12.3;    -999;   18.3;   59.96;   23.9;   12.6;   11.4;eor
       3490;20200804;-999;-999;-999;    3;   0.0;   0;    8.117;-999;  -999;  11.6;    -999;   18.1;   58.08;   24.2;   13.2;   11.4;eor
       3490;20200805;-999;-999;-999;    3;   0.0;   0;   13.267;-999;  -999;  10.3;    -999;   20.8;   46.63;   30.5;   11.3;    9.0;eor
       3490;20200806;-999;-999;-999;    3;   0.0;   0;   13.233;-999;  -999;  11.4;    -999;   22.2;   47.71;   32.6;   10.4;    8.5;eor
       3490;20200807;-999;-999;-999;    3;   0.0;   0;   13.200;-999;  -999;  12.8;    -999;   25.4;   43.67;   35.4;   16.2;   15.6;eor
       3490;20200808;-999;-999;-999;    3;   0.0;   0;   11.567;-999;  -999;  15.2;    -999;   27.6;   43.83;   37.2;   18.7;   16.9;eor
       3490;20200809;-999;-999;-999;    3;   2.1;   4;    6.983;-999;  -999;  18.6;    -999;   25.2;   60.50;   36.2;   20.1;   19.4;eor
       3490;20200810;-999;-999;-999;    3;   0.0;   0;    8.833;-999;  -999;  18.2;    -999;   25.4;   60.08;   34.6;   18.2;   17.3;eor
       3490;20200811;-999;-999;-999;    3;   6.0;   4;-999;-999;  -999;  19.3;    -999;   25.0;   66.00;   35.8;   18.7;   17.6;eor
       3490;20200812;-999;-999;-999;    3;  11.2;   4;-999;-999;  -999;  21.2;    -999;   23.7;   76.67;   34.6;   19.2;   18.9;eor
       3490;20200813;-999;-999;-999;    3;   0.0;   4;-999;-999;  -999;  21.2;    -999;   24.2;   72.88;   32.9;   18.6;   18.3;eor
       3490;20200814;-999;-999;-999;    3;   0.1;   4;-999;-999;  -999;  18.7;    -999;   22.9;   68.25;   29.7;   17.9;   16.6;eor
       3490;20200815;-999;-999;-999;    3;   8.7;   4;-999;-999;  -999;  20.9;    -999;   21.3;   83.88;   28.4;   17.9;   16.9;eor
       3490;20200816;-999;-999;-999;    3;   8.5;   4;-999;-999;  -999;  19.9;    -999;   22.0;   78.17;   30.8;   16.6;   15.8;eor
       3490;20200817;-999;-999;-999;    3;   0.0;   0;-999;-999;  -999;  17.5;    -999;   21.4;   71.63;   27.6;   17.3;   16.7;eor
       3490;20200818;-999;-999;-999;    3;   3.0;   4;-999;-999;  -999;  16.1;    -999;   19.2;   73.09;   24.1;   13.0;   12.0;eor
       3490;20200819;-999;-999;-999;    3;   1.0;   4;-999;-999;  -999;  -999;    -999;   20.0;-999;   26.0;   13.5;   11.0;eor
       3490;20200820;-999;-999;-999;    3;   0.0;   0;-999;-999;  -999;  -999;    -999;   24.0;-999;   30.0;   18.0;   17.0;eor
       3490;20200821;-999;-999;-999;    3;   1.0;   4;-999;-999;  -999;  -999;    -999;   25.0;-999;   28.0;   20.0;   18.0;eor
       3490;20200822;-999;-999;-999;    3;   0.0;   0;-999;-999;  -999;  -999;    -999;   20.0;-999;   24.0;   17.0;   15.0;eor
       3490;20200823;-999;-999;-999;    3;   0.5;   4;-999;-999;  -999;  -999;    -999;   17.0;-999;   20.0;   14.0;   13.0;eor
       3490;20200824;-999;-999;-999;-999;-999;-999;-999;-999;  -999;  -999;    -999;   -999;-999;-999;-999;-999;eor
       3490;20200825;-999;-999;-999;-999;-999;-999;-999;-999;  -999;  -999;    -999;   -999;-999;-999;-999;-999;eor
       3490;20200907;-999;-999;-999;    3;   0.0;   0;-999;-999;-999;-999;-999;-999;-999;   23.0;    7.0;    3.0;eor
       3490;20200908;-999;-999;-999;    3;   0.0;   0;-999;-999;  -999;  -999;    -999;   17.0;-999;   26.0;    8.0;    5.0;eor
       3490;20200909;-999;-999;-999;    3;   2.0;   4;-999;-999;  -999;  15.8;    -999;   18.7;   74.71;   25.9;   10.2;    8.8;eor
       3490;20200910;-999;-999;-999;    3;   0.0;   0;-999;-999;  -999;  12.7;    -999;   16.0;   70.43;   21.6;   10.0;    6.0;eor
       3490;20200911;-999;-999;-999;    3;   0.0;   0;-999;-999;  -999;  -999;    -999;   16.0;-999;   25.4;    6.0;    4.0;eor
       3490;20200912;-999;-999;-999;    3;   0.0;   0;-999;-999;  -999;  -999;    -999;   18.0;-999;   27.5;   10.0;    7.0;eor
       3490;20200913;-999;-999;-999;    3;   0.0;   0;-999;-999;  -999;  -999;    -999;   18.0;-999;   28.9;   12.1;    6.0;eor
       3490;20200914;-999;-999;-999;    3;   0.0;   0;-999;-999;  -999;  -999;    -999;   22.0;-999;   32.0;   10.7;    8.5;eor
       3490;20200915;-999;-999;-999;    3;   0.0;   0;-999;-999;  -999;  -999;    -999;   22.8;-999;   34.5;   12.5;   10.3;eor
       3490;20200916;-999;-999;-999;    3;   0.0;   0;-999;-999;  -999;  15.6;    -999;   21.9;   61.58;   31.6;   13.2;   11.8;eor
       3490;20200917;-999;-999;-999;    3;   0.0;   0;-999;-999;  -999;  10.9;    -999;   17.5;   56.05;   23.0;   10.0;    8.0;eor
       3490;20200918;-999;-999;-999;    3;   0.0;   0;-999;-999;  -999;  -999;    -999;   16.0;-999;   24.7;    9.0;    7.0;eor
       3490;20200919;-999;-999;-999;    3;   0.0;   0;-999;-999;  -999;  -999;    -999;   17.0;-999;   27.1;   10.0;    7.5;eor
       3490;20200920;-999;-999;-999;    3;   0.0;   0;-999;-999;  -999;  -999;    -999;   18.0;-999;   26.9;   10.0;    7.0;eor
       3490;20200921;-999;-999;-999;    3;   0.0;   0;-999;-999;  -999;  -999;    -999;   17.0;-999;   26.6;    8.0;    5.0;eor
       3490;20200922;-999;-999;-999;    3;   0.0;   0;-999;-999;  -999;  -999;    -999;   19.0;-999;   28.6;   10.0;    6.0;eor
       3490;20200923;-999;-999;-999;    3;   0.5;   4;-999;-999;  -999;  -999;    -999;   18.0;-999;   25.0;   10.7;    7.0;eor
       3490;20200924;-999;-999;-999;    3;   3.0;   4;-999;-999;  -999;  11.7;    -999;   16.5;   62.92;   19.9;   11.7;    8.7;eor
       3490;20200925;-999;-999;-999;    3;   1.0;   4;-999;-999;  -999;  -999;    -999;    9.0;-999;   15.2;    7.0;    5.0;eor
       3490;20200926;-999;-999;-999;    3;  26.0;   4;-999;-999;  -999;  -999;    -999;    8.0;-999;   10.0;    8.0;    6.0;eor
       3490;20200927;-999;-999;-999;    3;   0.0;   0;-999;-999;  -999;  -999;    -999;    9.0;-999;   12.0;    8.0;    7.0;eor
       3490;20200928;-999;-999;-999;    3;   0.5;   4;-999;-999;  -999;  -999;    -999;   10.0;-999;   13.0;    8.0;    7.0;eor
       3490;20200929;-999;-999;-999;    3;   5.0;   4;-999;-999;  -999;  -999;    -999;   11.0;-999;   14.0;    9.0;    8.0;eor
       3490;20200930;-999;-999;-999;    3;   0.0;   0;-999;-999;  -999;  -999;    -999;   13.0;-999;   19.0;   11.0;    9.0;eor
       3490;20201001;-999;-999;-999;    3;   1.5;   4;-999;   0;  -999;  -999;    -999;   12.0;-999;   16.9;    7.5;    6.0;eor
       3490;20201002;-999;-999;-999;    3;   0.3;   4;-999;   0;  -999;  12.2;    -999;   12.3;   85.25;   18.0;    4.8;    3.4;eor
       3490;20201003;-999;-999;-999;    3;   2.9;   4;-999;   0;  -999;  12.2;    -999;   12.3;   85.29;   14.8;    7.9;    5.8;eor
       3490;20201004;-999;-999;-999;    3;   5.1;   4;-999;   0;  -999;  10.4;    -999;   11.0;   80.46;   14.8;    6.2;    4.2;eor
       3490;20201005;-999;-999;-999;    3;   0.5;   4;-999;   0;  -999;  10.7;    -999;   12.6;   73.04;   15.1;    9.5;    7.3;eor
       3490;20201006;-999;-999;-999;    3;   0.0;   4;-999;   0;  -999;  11.4;    -999;   13.8;   72.13;   16.6;   12.0;   10.0;eor
       3490;20201007;-999;-999;-999;    3;   1.3;   4;-999;   0;  -999;  10.5;    -999;   13.2;   69.54;   15.5;    7.7;    4.7;eor
       3490;20201008;-999;-999;-999;    3;  12.3;   4;-999;   0;  -999;  12.6;    -999;   13.7;   80.42;   17.6;    6.5;    3.8;eor
       3490;20201009;-999;-999;-999;    3;   5.0;   4;-999;   0;  -999;  12.8;    -999;   11.4;   94.50;   13.9;    7.4;    5.7;eor
       3490;20201010;-999;-999;-999;    3;   0.0;   0;-999;   0;  -999;   8.8;    -999;    9.9;   73.25;   13.7;    5.9;    3.7;eor
       3490;20201011;-999;-999;-999;    3;   0.3;   4;-999;   0;  -999;   9.1;    -999;   10.4;   73.25;   14.0;    7.7;    6.7;eor
       3490;20201012;-999;-999;-999;    3;   0.0;   4;-999;   0;  -999;   9.8;    -999;    9.3;   83.96;   13.8;    2.8;    1.2;eor
       3490;20201013;-999;-999;-999;    3;   0.0;   0;-999;   0;  -999;   8.4;    -999;    6.5;   88.00;   12.0;    2.3;    1.0;eor
       3490;20201014;-999;-999;-999;    3;   2.2;   4;-999;   0;  -999;   8.6;    -999;    7.4;   83.17;   11.7;    3.3;    2.6;eor
       3490;20201015;-999;-999;-999;    3;   0.3;   4;-999;   0;  -999;   9.6;    -999;    8.8;   84.67;    9.8;    7.7;    7.2;eor
       3490;20201016;-999;-999;-999;    3;   0.0;   0;-999;   0;  -999;   9.6;    -999;    8.8;   84.83;   10.3;    7.5;    7.2;eor
       3490;20201017;-999;-999;-999;    3;   0.0;   0;-999;   0;  -999;   9.0;    -999;    8.2;   83.33;    9.8;    7.1;    6.7;eor
       3490;20201018;-999;-999;-999;    3;   0.0;   0;-999;   0;  -999;   8.7;    -999;    9.2;   75.08;   12.6;    6.4;    5.4;eor
       3490;20201019;-999;-999;-999;    3;   0.0;   0;-999;   0;  -999;   8.8;    -999;    8.2;   82.25;   15.3;    1.8;   -0.1;eor
       3490;20201020;-999;-999;-999;    3;   0.1;   4;-999;   0;  -999;  10.2;    -999;   10.5;   79.83;   16.7;    3.6;    2.0;eor
       3490;20201021;-999;-999;-999;    3;   0.3;   4;-999;   0;  -999;  12.0;    -999;   17.8;   60.29;   22.5;   12.0;   10.9;eor
       3490;20201022;-999;-999;-999;    3;   2.8;   4;-999;   0;  -999;  14.2;    -999;   17.2;   73.25;   21.3;   11.3;   10.1;eor
       3490;20201023;-999;-999;-999;    3;   0.7;   4;-999;   0;  -999;  14.2;    -999;   14.0;   88.92;   17.8;   11.4;    9.1;eor
       3490;20201024;-999;-999;-999;    3;   0.0;   0;-999;   0;  -999;  11.9;    -999;   14.0;   74.54;   16.0;    9.5;    6.5;eor
       3490;20201025;-999;-999;-999;    3;   1.8;   4;-999;   0;  -999;  11.4;    -999;   14.0;   71.21;   15.5;   10.8;   10.0;eor
       3490;20201026;-999;-999;-999;    3;   0.0;   0;-999;   0;  -999;   9.5;    -999;   10.7;   74.71;   13.7;    7.0;    4.4;eor
       3490;20201027;-999;-999;-999;    3;   0.0;   0;-999;   0;  -999;   9.1;    -999;   11.2;   68.00;   13.3;    7.4;    4.5;eor
       3490;20201028;-999;-999;-999;    3;   0.0;   0;-999;   0;  -999;  10.3;    -999;   12.7;   70.71;   15.3;    7.6;    4.9;eor
       3490;20201029;-999;-999;-999;    3;   0.0;   0;-999;   0;  -999;  10.4;    -999;   11.3;   77.50;   13.2;    8.1;    5.7;eor
       3490;20201030;-999;-999;-999;    3;   0.0;   0;-999;   0;  -999;  12.5;    -999;   14.5;   75.83;   16.3;   11.7;   10.6;eor
       3490;20201031;-999;-999;-999;    3;   0.0;   0;-999;   0;  -999;  11.4;    -999;   14.1;   72.13;   17.9;    8.1;    6.2;eor
       3490;20201101;-999;-999;-999;    3;   0.0;   0;-999;   0;  -999;  14.5;    -999;   15.9;   81.04;   19.1;   10.8;    9.6;eor
       3490;20201102;-999;-999;-999;    3;   5.0;   4;-999;   0;  -999;  15.0;    -999;   18.4;   70.83;   20.9;   11.9;   10.8;eor
       3490;20201103;-999;-999;-999;    3;   0.0;   0;-999;   0;  -999;   8.7;    -999;   10.5;   69.08;   13.5;    6.0;    2.4;eor
       3490;20201104;-999;-999;-999;    3;   0.0;   0;-999;   0;  -999;   7.4;    -999;    5.4;   83.58;   11.8;    0.5;   -1.8;eor
       3490;20201105;-999;-999;-999;    3;   0.0;   0;-999;   0;  -999;   7.0;    -999;    3.5;   88.63;    9.4;    1.4;   -0.9;eor
       3490;20201106;-999;-999;-999;    3;   0.0;   0;-999;   0;  -999;   6.0;    -999;    2.8;   82.46;   12.0;   -2.1;   -3.1;eor
       3490;20201107;-999;-999;-999;    3;   0.0;   0;-999;   0;  -999;   7.5;    -999;    5.2;   85.13;   13.3;   -0.3;   -2.6;eor
       3490;20201108;-999;-999;-999;    3;   2.6;   4;-999;   0;  -999;   9.2;    -999;    7.0;   90.25;   12.8;    0.8;   -1.1;eor
       3490;20201109;-999;-999;-999;    3;   0.6;   4;-999;   0;  -999;  11.6;    -999;    9.9;   95.04;   14.0;    7.4;    4.6;eor
       3490;20201110;-999;-999;-999;    3;   0.0;   4;-999;   0;  -999;  10.5;    -999;    8.4;   94.88;   12.3;    6.9;    5.6;eor
       3490;20201111;-999;-999;-999;    3;   1.2;   4;-999;   0;  -999;  10.7;    -999;    9.5;   89.88;   12.6;    7.8;    7.9;eor
       3490;20201112;-999;-999;-999;    3;   0.0;   0;-999;   0;  -999;   9.1;    -999;    9.2;   79.38;   14.8;    1.4;   -1.6;eor
       3490;20201113;-999;-999;-999;    3;   0.0;   0;-999;   0;  -999;   9.1;    -999;    8.3;   81.63;   15.7;   -0.7;   -3.1;eor
       3490;20201114;-999;-999;-999;    3;   0.0;   0;-999;   0;  -999;  11.3;    -999;   12.6;   78.42;   17.8;    6.9;    4.5;eor
       3490;20201115;-999;-999;-999;    3;   1.3;   4;-999;   0;  -999;  11.3;    -999;   15.3;   65.00;   18.4;    8.7;    5.5;eor
       3490;20201116;-999;-999;-999;    3;   0.1;   4;-999;   0;  -999;   9.5;    -999;   10.8;   73.63;   13.3;    5.4;    2.3;eor
       3490;20201117;-999;-999;-999;    3;   0.0;   0;-999;   0;  -999;  10.1;    -999;   11.8;   73.13;   13.5;    7.0;    6.0;eor
       3490;20201118;-999;-999;-999;    3;   1.0;   4;-999;   0;  -999;   9.7;    -999;   11.4;   73.25;   17.4;    6.6;    3.6;eor
       3490;20201119;-999;-999;-999;    3;   3.2;   4;-999;   0;  -999;   8.8;    -999;    9.6;   73.58;   14.1;    4.1;    1.7;eor
       3490;20201120;-999;-999;-999;    3;   0.0;   0;-999;   0;  -999;   6.9;    -999;    4.4;   82.54;    8.2;   -1.8;   -3.7;eor
       3490;20201121;-999;-999;-999;    3;   0.0;   0;-999;   0;  -999;   6.4;    -999;    4.8;   76.21;   10.0;   -1.3;   -1.4;eor
       3490;20201122;-999;-999;-999;    3;   0.1;   4;-999;   0;  -999;   8.9;    -999;    9.2;   76.04;   11.2;    7.6;    7.3;eor
       3490;20201123;-999;-999;-999;    3;   0.0;   4;-999;   0;  -999;   8.6;    -999;    6.0;   90.67;   10.4;    0.2;   -2.3;eor
       3490;20201124;-999;-999;-999;    3;   0.0;   0;-999;   0;  -999;   7.4;    -999;    3.9;   91.08;    7.9;    0.2;   -2.7;eor
       3490;20201125;-999;-999;-999;    3;   0.0;   0;-999;   0;  -999;   6.7;    -999;    2.5;   90.88;    9.3;   -1.9;   -4.6;eor
       3490;20201126;-999;-999;-999;    3;   0.0;   0;-999;   0;  -999;   6.4;    -999;    1.7;   92.63;    5.7;   -0.9;   -3.1;eor
       3490;20201127;-999;-999;-999;    3;   0.0;   0;-999;   0;  -999;   6.1;    -999;    0.9;   92.88;    5.1;   -1.9;   -3.9;eor
       3490;20201128;-999;-999;-999;    3;   0.0;   0;-999;   0;  -999;   6.1;    -999;    1.3;   91.04;    6.5;   -1.6;   -3.9;eor
       3490;20201129;-999;-999;-999;    3;   0.0;   0;-999;   0;  -999;   4.9;    -999;    0.1;   79.96;    3.2;   -5.8;   -8.0;eor
       3490;20201130;-999;-999;-999;    3;   9.8;   4;-999;   0;  -999;   4.7;    -999;   -1.7;   85.00;    5.0;   -8.0;  -10.5;eor
       3490;20201201;-999;-999;-999;    3;   3.9;   4;-999;   0;  -999;   7.5;    -999;    4.2;   90.38;    5.6;    3.0;    2.0;eor
       3490;20201202;-999;-999;-999;    3;   0.1;   4;-999;   0;  -999;   7.0;    -999;    3.5;   89.42;    5.0;    2.4;    2.2;eor
       3490;20201203;-999;-999;-999;    3;   2.6;   4;-999;   0;  -999;   6.6;    -999;    4.0;   81.83;    6.2;    2.3;    1.7;eor
       3490;20201204;-999;-999;-999;    3;   0.2;   4;-999;   0;  -999;   7.3;    -999;    4.9;   83.92;    8.7;    0.8;   -2.0;eor
       3490;20201205;-999;-999;-999;    3;   1.3;   4;-999;   0;  -999;   6.5;    -999;    3.1;   85.67;    7.5;    0.1;   -2.0;eor
       3490;20201206;-999;-999;-999;    3;   4.2;   4;-999;   0;  -999;   7.2;    -999;    3.3;   92.71;    5.1;    0.9;   -0.5;eor
       3490;20201207;-999;-999;-999;    3;   0.3;   4;-999;   0;  -999;   6.9;    -999;    3.9;   85.83;    6.5;    0.1;   -2.2;eor
       3490;20201208;-999;-999;-999;    3;   0.0;   4;-999;   0;  -999;   6.5;    -999;    3.1;   85.25;    5.0;   -0.3;   -2.3;eor
       3490;20201209;-999;-999;-999;    3;   0.0;   0;-999;   0;  -999;   5.7;    -999;    1.3;   83.96;    4.4;   -4.2;   -7.2;eor
       3490;20201210;-999;-999;-999;    3;   0.0;   0;-999;   0;  -999;   4.8;    -999;   -1.8;   90.13;    1.6;   -5.7;   -8.3;eor
       3490;20201211;-999;-999;-999;    3;   0.4;   4;-999;   0;  -999;   6.1;    -999;    2.4;   83.29;    4.1;   -1.5;   -2.0;eor
       3490;20201212;-999;-999;-999;    3;   1.0;   4;-999;   0;  -999;   8.3;    -999;    4.8;   96.00;    7.4;    1.1;   -0.9;eor
       3490;20201213;-999;-999;-999;    3;   0.3;   4;-999;   0;  -999;   7.8;    -999;    5.6;   86.38;    9.5;    2.4;   -0.6;eor
       3490;20201214;-999;-999;-999;    3;   0.3;   4;-999;   0;  -999;   8.0;    -999;    7.5;   77.04;   10.9;    4.8;    2.9;eor
       3490;20201215;-999;-999;-999;    3;   2.4;   4;-999;   0;  -999;   9.5;    -999;    7.0;   94.50;    9.0;    3.9;    2.4;eor
       3490;20201216;-999;-999;-999;    3;   0.0;   0;-999;   0;  -999;   9.1;    -999;    6.6;   93.29;   11.8;    3.8;    1.5;eor
       3490;20201217;-999;-999;-999;    3;   0.4;   4;-999;   0;  -999;   8.7;    -999;    7.4;   84.13;   12.3;    1.1;   -1.8;eor
       3490;20201218;-999;-999;-999;    3;   0.0;   0;-999;   0;  -999;   7.1;    -999;    3.1;   92.83;   10.4;   -1.0;   -4.1;eor
       3490;20201219;-999;-999;-999;    3;   0.0;   0;-999;   0;  -999;   8.6;    -999;    7.0;   86.08;   13.6;    1.6;   -1.2;eor
       3490;20201220;-999;-999;-999;    3;   0.0;   0;-999;   0;  -999;   9.1;    -999;    8.1;   85.21;   12.1;    4.6;    0.9;eor
       3490;20201221;-999;-999;-999;    3;   2.0;   4;-999;   0;  -999;   8.1;    -999;    6.4;   84.17;   12.5;    0.0;   -3.0;eor
       3490;20201222;-999;-999;-999;    3;  22.5;   4;-999;   0;  -999;  13.0;    -999;   13.1;   86.25;   15.5;   10.5;    9.9;eor
       3490;20201223;-999;-999;-999;    3;   5.6;   4;-999;   0;  -999;  12.1;    -999;   11.3;   90.38;   13.8;    9.2;    6.5;eor
       3490;20201224;-999;-999;-999;    3;   5.6;   4;-999;   0;  -999;   7.7;    -999;    6.5;   79.71;    9.4;    3.5;    3.1;eor
       3490;20201225;-999;-999;-999;    3;   0.8;   4;-999;   0;  -999;   6.6;    -999;    3.5;   84.13;    4.4;    2.1;    0.0;eor
       3490;20201226;-999;-999;-999;    3;   0.0;   0;-999;   0;  -999;   5.8;    -999;    3.8;   73.42;    5.2;    1.9;    0.2;eor
       3490;20201227;-999;-999;-999;    3;   3.0;   4;-999;   0;  -999;   6.2;    -999;    4.5;   73.08;    5.4;    3.5;    2.1;eor
       3490;20201228;-999;-999;-999;    3;   0.0;   0;-999;   0;  -999;   6.3;    -999;    2.8;   83.71;    5.8;   -1.9;   -4.6;eor
       3490;20201229;-999;-999;-999;    3;   0.4;   4;-999;   0;  -999;   6.0;    -999;    2.8;   81.75;    6.0;   -0.6;   -2.4;eor
       3490;20201230;-999;-999;-999;    3;   0.3;   4;-999;   0;  -999;   6.3;    -999;    2.9;   84.50;    6.1;   -0.4;   -2.6;eor
       3490;20201231;-999;-999;-999;    3;   4.8;   4;-999;   0;  -999;   6.4;    -999;    2.7;   86.79;    4.6;    0.1;   -1.8;eor
       3490;20210101;-999;-999;-999;    3;   0.0;   0;-999;   0;  -999;   6.3;    -999;    1.9;   89.21;    3.8;   -0.9;   -2.4;eor
       3490;20210102;-999;-999;-999;    3;   0.0;   0;-999;   0;  -999;   6.1;    -999;    1.4;   90.63;    3.6;   -0.7;   -1.0;eor
       3490;20210103;-999;-999;-999;    3;   0.7;   4;-999;   0;  -999;   5.9;    -999;    2.2;   82.92;    3.4;    1.2;    0.7;eor
       3490;20210104;-999;-999;-999;    3;   0.4;   4;-999;   0;  -999;   6.3;    -999;    1.4;   93.33;    1.9;    0.6;    0.2;eor
       3490;20210105;-999;-999;-999;    3;   7.0;   4;-999;   0;  -999;   6.3;    -999;    2.1;   89.08;    2.7;    1.4;    1.1;eor
       3490;20210106;-999;-999;-999;    3;   0.0;   0;-999;   1;  -999;   6.1;    -999;    1.6;   89.71;    2.8;    0.2;    0.1;eor
       3490;20210107;-999;-999;-999;    3;   5.0;   4;-999;   0;  -999;   5.8;    -999;    2.0;   82.00;    3.1;    0.9;   -0.6;eor
       3490;20210108;-999;-999;-999;    3;   4.0;   4;-999;   0;  -999;   6.1;    -999;    1.6;   89.04;    2.4;    0.4;   -1.7;eor
       3490;20210109;-999;-999;-999;    3;   1.6;   4;-999;   0;  -999;   6.0;    -999;    1.5;   88.29;    2.5;    0.4;   -0.1;eor
       3490;20210110;-999;-999;-999;    3;   0.2;   4;-999;   0;  -999;   6.1;    -999;    0.9;   92.67;    3.2;   -3.0;   -5.3;eor
       3490;20210111;-999;-999;-999;    3;   0.0;   4;-999;   0;  -999;   5.2;    -999;    0.1;   84.17;    4.2;   -4.2;   -6.3;eor
       3490;20210112;-999;-999;-999;    3;   3.3;   4;-999;   0;  -999;   6.7;    -999;    4.6;   79.08;    6.5;    2.5;   -0.1;eor
       3490;20210113;-999;-999;-999;    3;   0.4;   4;-999;   0;  -999;   5.6;    -999;    3.2;   72.92;    5.5;    0.5;   -2.5;eor
       3490;20210114;-999;-999;-999;    3;   0.0;   0;-999;   0;  -999;   5.4;    -999;    1.6;   78.96;    4.2;   -2.2;   -4.6;eor
       3490;20210115;-999;-999;-999;    3;   0.3;   4;-999;   0;  -999;   4.8;    -999;   -0.2;   80.08;    2.6;   -3.5;   -6.3;eor
       3490;20210116;-999;-999;-999;    3;   1.4;   4;-999;   0;  -999;   4.6;    -999;    0.1;   74.75;    1.5;   -1.4;   -1.5;eor
       3490;20210117;-999;-999;-999;    3;   6.5;   4;-999;   1;  -999;   5.9;    -999;    0.7;   90.33;    4.9;   -1.5;   -1.6;eor
       3490;20210118;-999;-999;-999;    3;   0.1;   4;-999;   0;  -999;   6.6;    -999;    4.5;   78.54;    6.1;    0.9;   -1.3;eor
       3490;20210119;-999;-999;-999;    3;   1.0;   4;-999;   0;  -999;   6.7;    -999;    5.6;   73.25;    7.8;    4.5;    3.0;eor
       3490;20210120;-999;-999;-999;    3;   0.0;   0;-999;   0;  -999;   6.7;    -999;    8.5;   59.75;   11.4;    5.2;    3.3;eor
       3490;20210121;-999;-999;-999;    3;   7.0;   4;-999;   0;  -999;   7.9;    -999;    9.4;   67.00;   12.3;    5.5;    4.3;eor
       3490;20210122;-999;-999;-999;    3;   1.1;   4;-999;   0;  -999;   7.3;    -999;    5.3;   81.88;   11.7;    1.2;   -1.3;eor
       3490;20210123;-999;-999;-999;    3;   7.0;   4;-999;   0;  -999;   6.3;    -999;    3.0;   83.92;    6.8;   -0.9;   -2.6;eor
       3490;20210124;-999;-999;-999;    3;   0.8;   4;-999;   0;  -999;   5.6;    -999;    1.6;   82.00;    3.7;   -0.9;   -2.3;eor
       3490;20210125;-999;-999;-999;    3;   0.4;   4;-999;   1;  -999;   5.6;    -999;    0.9;   86.25;    2.5;   -0.1;   -1.4;eor
       3490;20210126;-999;-999;-999;    3;   0.0;   4;-999;   0;  -999;   5.6;    -999;    3.2;   72.96;    4.6;   -0.8;   -4.1;eor
       3490;20210127;-999;-999;-999;    3;   4.1;   4;-999;   0;  -999;   6.2;    -999;    3.4;   78.38;    5.7;    1.1;   -0.1;eor
       3490;20210128;-999;-999;-999;    3;  12.9;   4;-999;   0;  -999;   9.0;    -999;    7.9;   83.63;   12.3;    3.4;    3.2;eor
       3490;20210129;-999;-999;-999;    3;   3.0;   4;-999;   0;  -999;   8.9;    -999;    9.0;   78.00;   10.8;    6.4;    5.8;eor
       3490;20210130;-999;-999;-999;    3;   5.6;   4;-999;   0;  -999;   6.8;    -999;    3.1;   88.29;    8.8;    0.5;    0.2;eor
       3490;20210131;-999;-999;-999;    3;   0.5;   4;-999;   0;  -999;   5.4;    -999;    0.7;   84.13;    1.8;   -0.3;   -0.3;eor
       3490;20210201;-999;-999;-999;    3;   1.2;   4;-999;   0;  -999;   7.4;    -999;    4.1;   90.38;    6.4;    1.7;    1.1;eor
       3490;20210202;-999;-999;-999;    3;   1.4;   4;-999;   0;  -999;   9.0;    -999;    7.7;   85.00;   11.9;    4.1;    3.6;eor
       3490;20210203;-999;-999;-999;    3;   8.2;   4;-999;   0;  -999;  10.0;    -999;    9.3;   86.08;   13.5;    6.0;    3.0;eor
       3490;20210204;-999;-999;-999;    3;   0.0;   0;-999;   0;  -999;   7.7;    -999;    6.6;   79.50;   11.0;    2.6;   -0.9;eor
       3490;20210205;-999;-999;-999;    3;   1.3;   4;-999;   0;  -999;   8.3;    -999;    5.8;   89.92;   11.6;    1.8;   -0.5;eor
       3490;20210206;-999;-999;-999;    3;  11.7;   4;-999;   0;  -999;   7.9;    -999;    4.7;   92.21;    6.5;    2.2;    2.0;eor
       3490;20210207;-999;-999;-999;    3;   0.3;   4;-999;   0;  -999;   6.1;    -999;    1.5;   89.08;    2.7;   -1.3;   -1.2;eor
       3490;20210208;-999;-999;-999;    3;   0.0;   0;-999;   0;  -999;   3.8;    -999;   -3.1;   78.46;   -1.3;   -4.2;   -3.8;eor
       3490;20210209;-999;-999;-999;    3;   0.0;   0;-999;   0;  -999;   2.8;    -999;   -5.1;   67.79;   -3.6;   -7.4;   -7.8;eor
       3490;20210210;-999;-999;-999;    3;   0.0;   0;-999;   0;  -999;   2.8;    -999;   -6.1;   71.25;   -1.8;  -10.8;  -12.0;eor
       3490;20210211;-999;-999;-999;    3;   0.1;   4;-999;   0;  -999;   3.3;    -999;   -4.3;   74.38;    0.5;   -8.0;  -10.6;eor
       3490;20210212;-999;-999;-999;    3;   0.0;   0;-999;   0;  -999;   2.8;    -999;   -6.2;   73.08;   -1.1;  -10.2;  -13.5;eor
       3490;20210213;-999;-999;-999;    3;   0.0;   0;-999;   0;  -999;   2.7;    -999;   -5.7;   68.92;    1.0;  -10.6;  -13.7;eor
       3490;20210214;-999;-999;-999;    3;   0.0;   0;-999;   0;  -999;   2.8;    -999;   -1.3;   53.38;    5.6;   -9.2;  -12.4;eor
       3490;20210215;-999;-999;-999;    3;   1.7;   4;-999;   0;  -999;   4.8;    -999;    2.4;   64.00;    6.6;   -1.5;   -4.9;eor
       3490;20210216;-999;-999;-999;    3;   0.7;   4;-999;   0;  -999;   7.9;    -999;    7.6;   76.75;   12.8;    1.7;    0.3;eor
       3490;20210217;-999;-999;-999;    3;   0.0;   0;-999;   0;  -999;   8.2;    -999;    8.0;   76.46;   11.9;    0.6;   -2.7;eor
       3490;20210218;-999;-999;-999;    3;   0.7;   4;-999;   0;  -999;   7.2;    -999;    5.3;   82.21;   11.3;   -0.3;   -2.2;eor
       3490;20210219;-999;-999;-999;    3;   0.0;   4;-999;   0;  -999;   7.1;    -999;    6.1;   76.96;   11.8;    0.0;   -2.5;eor
       3490;20210220;-999;-999;-999;    3;   0.0;   0;-999;   0;  -999;   7.9;    -999;    7.4;   79.92;   17.7;   -0.2;   -2.9;eor
       3490;20210221;-999;-999;-999;    3;   0.0;   0;-999;   0;  -999;   7.4;    -999;    9.6;   66.58;   19.3;    1.6;   -2.9;eor
       3490;20210222;-999;-999;-999;    3;   0.0;   0;-999;   0;  -999;   7.3;    -999;    7.9;   71.71;   20.1;    1.7;   -2.4;eor
       3490;20210223;-999;-999;-999;    3;   0.0;   0;-999;   0;  -999;   9.7;    -999;   12.4;   69.71;   20.1;    5.6;    3.2;eor
       3490;20210224;-999;-999;-999;    3;   0.0;   0;-999;   0;  -999;   9.9;    -999;   12.2;   72.67;   20.5;    5.8;    2.5;eor
       3490;20210225;-999;-999;-999;    3;   0.1;   4;-999;   0;  -999;   8.7;    -999;   12.1;   65.29;   21.3;    2.9;   -0.7;eor
       3490;20210226;-999;-999;-999;    3;   3.1;   4;-999;   0;  -999;   8.2;    -999;    7.9;   76.17;   11.4;    2.2;   -1.3;eor
       3490;20210227;-999;-999;-999;    3;   0.0;   0;-999;   0;  -999;   6.7;    -999;    4.9;   78.42;    9.6;    1.2;   -1.8;eor
       3490;20210228;-999;-999;-999;    3;   0.0;   0;-999;   0;  -999;   6.3;    -999;    5.4;   71.79;   12.9;    0.2;   -2.9;eor
       3490;20210301;-999;-999;-999;    3;   0.0;   0;-999;   0;  -999;   5.6;    -999;    4.3;   71.08;   14.1;   -1.4;   -4.0;eor
       3490;20210302;-999;-999;-999;    3;   0.0;   0;-999;   0;  -999;   6.7;    -999;    6.1;   72.67;   16.7;   -0.8;   -2.3;eor
       3490;20210303;-999;-999;-999;    3;   0.0;   0;-999;   0;  -999;   7.2;    -999;    7.7;   71.83;   17.8;   -0.2;   -2.6;eor
       3490;20210304;-999;-999;-999;    3;   6.5;   4;-999;   0;  -999;   8.2;    -999;    6.5;   83.63;   11.0;    3.3;    2.9;eor
       3490;20210305;-999;-999;-999;    3;   0.0;   4;-999;   0;  -999;   5.4;    -999;    2.7;   72.67;    6.4;   -2.0;   -5.0;eor
       3490;20210306;-999;-999;-999;    3;   0.0;   0;-999;   0;  -999;   4.0;    -999;    0.9;   65.29;    8.3;   -4.2;   -5.1;eor
       3490;20210307;-999;-999;-999;    3;   0.0;   0;-999;   0;  -999;   4.1;    -999;    0.9;   64.96;    7.8;   -4.6;   -5.5;eor
       3490;20210308;-999;-999;-999;    3;   0.0;   0;-999;   0;  -999;   5.4;    -999;    1.6;   77.71;    6.1;   -2.5;   -3.7;eor
       3490;20210309;-999;-999;-999;    3;   2.4;   4;-999;   0;  -999;   6.7;    -999;    3.3;   86.29;    5.9;   -0.7;   -2.0;eor
       3490;20210310;-999;-999;-999;    3;   1.6;   4;-999;   0;  -999;   7.0;    -999;    7.1;   71.38;   11.5;    3.0;    2.0;eor
       3490;20210311;-999;-999;-999;    3;   1.0;   4;-999;   0;  -999;   8.0;    -999;   10.2;   64.29;   14.8;    6.8;    5.0;eor
       3490;20210312;-999;-999;-999;    3;   4.2;   4;-999;   0;  -999;   6.7;    -999;    7.5;   65.17;   10.9;    5.4;    3.8;eor
       3490;20210313;-999;-999;-999;    3;   7.2;   4;-999;   0;  -999;   7.1;    -999;    7.4;   69.33;   10.0;    4.0;    1.6;eor
       3490;20210314;-999;-999;-999;    3;   3.1;   4;-999;   0;  -999;   6.5;    -999;    5.7;   71.29;    8.7;    2.4;   -0.5;eor
       3490;20210315;-999;-999;-999;    3;   7.8;   4;-999;   0;  -999;   7.2;    -999;    5.9;   78.13;    9.0;    4.0;    3.1;eor
       3490;20210316;-999;-999;-999;    3;   2.7;   4;-999;   0;  -999;   7.0;    -999;    5.5;   77.63;    8.2;    3.5;    2.3;eor
       3490;20210317;-999;-999;-999;    3;   2.4;   4;-999;   0;  -999;   6.3;    -999;    4.5;   75.75;    6.5;    0.8;   -1.2;eor
       3490;20210318;-999;-999;-999;    3;   7.7;   4;-999;   0;  -999;   6.1;    -999;    3.4;   79.38;    7.2;   -0.4;   -3.0;eor
       3490;20210319;-999;-999;-999;    3;   0.0;   0;-999;   0;  -999;   5.4;    -999;    3.5;   70.63;    8.0;    0.4;   -1.6;eor
       3490;20210320;-999;-999;-999;    3;   0.1;   4;-999;   0;  -999;   4.7;    -999;    3.3;   63.08;    7.4;   -1.2;   -3.5;eor
       3490;20210321;-999;-999;-999;    3;   0.4;   4;-999;   0;  -999;   6.9;    -999;    6.1;   73.46;    8.4;    4.6;    3.9;eor
       3490;20210322;-999;-999;-999;    3;   0.0;   0;-999;   0;  -999;   6.7;    -999;    5.5;   74.88;    7.3;    3.9;    2.9;eor
       3490;20210323;-999;-999;-999;    3;   0.0;   0;-999;   0;  -999;   6.7;    -999;    6.6;   69.71;   12.4;    0.0;   -3.0;eor
       3490;20210324;-999;-999;-999;    3;   0.0;   0;-999;   0;  -999;   6.8;    -999;    7.8;   68.71;   18.2;   -1.4;   -4.5;eor
       3490;20210325;-999;-999;-999;    3;   0.0;   0;-999;   0;  -999;   8.4;    -999;    8.9;   74.13;   14.9;    2.1;    0.0;eor
       3490;20210326;-999;-999;-999;    3;   0.5;   4;-999;   0;  -999;   7.9;    -999;   10.8;   63.67;   16.0;    2.6;   -0.1;eor
       3490;20210327;-999;-999;-999;    3;   3.1;   4;-999;   0;  -999;   6.7;    -999;    7.1;   66.29;   11.3;    2.8;    0.6;eor
       3490;20210328;-999;-999;-999;    3;   0.0;   0;-999;   0;  -999;   7.1;    -999;   10.2;   58.96;   16.1;    1.9;   -0.7;eor
       3490;20210329;-999;-999;-999;    3;   0.0;   0;-999;   0;  -999;   6.8;    -999;   12.7;   52.17;   23.4;    2.3;   -1.4;eor
       3490;20210330;-999;-999;-999;    3;   0.0;   0;-999;   0;  -999;   7.2;    -999;   12.7;   53.50;   24.3;    4.7;    0.4;eor
       3490;20210331;-999;-999;-999;    3;   0.0;   0;-999;   0;  -999;   8.0;    -999;   14.7;   53.00;   26.6;    3.2;   -0.6;eor
       3490;20210401;-999;-999;-999;    3;   0.0;   0;-999;   0;  -999;   8.8;    -999;   14.4;   54.13;   21.9;    4.7;    1.2;eor
       3490;20210402;-999;-999;-999;    3;   0.0;   0;-999;   0;  -999;   6.7;    -999;    6.5;   69.42;   10.1;    2.7;   -0.9;eor
       3490;20210403;-999;-999;-999;    3;   0.0;   0;-999;   0;  -999;   6.0;    -999;    7.7;   58.25;   12.4;    4.7;    2.1;eor
       3490;20210404;-999;-999;-999;    3;   0.0;   0;-999;   0;  -999;   6.1;    -999;    4.9;   71.17;    8.0;    0.0;   -2.6;eor
       3490;20210405;-999;-999;-999;    3;   4.4;   4;-999;   0;  -999;   5.6;    -999;    2.8;   74.54;    7.2;   -0.8;   -3.2;eor
       3490;20210406;-999;-999;-999;    3;   1.4;   4;-999;   0;  -999;   5.1;    -999;    2.2;   71.83;    6.0;    0.1;    0.1;eor
       3490;20210407;-999;-999;-999;    3;   0.7;   4;-999;   0;  -999;   5.1;    -999;    2.6;   69.04;    5.2;   -0.1;   -1.1;eor
       3490;20210408;-999;-999;-999;    3;   0.0;   0;-999;   0;  -999;   4.5;    -999;    4.8;   55.00;    9.8;    1.1;   -1.6;eor
       3490;20210409;-999;-999;-999;    3;   8.5;   4;-999;   0;  -999;   5.9;    -999;    8.4;   57.79;   16.6;   -1.0;   -2.7;eor
       3490;20210410;-999;-999;-999;    3;   3.3;   4;-999;   0;  -999;  10.2;    -999;    9.3;   86.96;   11.8;    6.4;    6.1;eor
       3490;20210411;-999;-999;-999;    3;  10.3;   4;-999;   0;  -999;   8.1;    -999;    5.5;   87.92;   10.0;    3.0;    2.0;eor
       3490;20210412;-999;-999;-999;    3;   1.2;   4;-999;   0;  -999;   5.8;    -999;    3.2;   76.83;    7.8;   -1.4;   -3.7;eor
       3490;20210413;-999;-999;-999;    3;   0.0;   0;-999;   0;  -999;   5.6;    -999;    3.6;   71.83;    9.0;   -1.3;   -2.8;eor
       3490;20210414;-999;-999;-999;    3;   0.0;   4;-999;   0;  -999;   5.4;    -999;    3.3;   71.75;    9.0;   -1.0;   -2.4;eor
       3490;20210415;-999;-999;-999;    3;   0.0;   0;-999;   0;  -999;   5.6;    -999;    4.3;   69.46;   10.4;   -0.7;   -1.7;eor
       3490;20210416;-999;-999;-999;    3;   0.0;   0;-999;   0;  -999;   5.6;    -999;    5.6;   63.38;   10.6;    0.7;   -0.8;eor
       3490;20210417;-999;-999;-999;    3;   0.0;   0;-999;   0;  -999;   5.8;    -999;    7.0;   59.33;   12.7;    0.8;   -0.6;eor
       3490;20210418;-999;-999;-999;    3;   0.0;   4;-999;   0;  -999;   7.5;    -999;    9.0;   65.21;   13.3;    4.5;    1.1;eor
       3490;20210419;-999;-999;-999;    3;   3.4;   4;-999;   0;  -999;   9.2;    -999;    9.4;   78.63;   13.4;    6.0;    3.3;eor
       3490;20210420;-999;-999;-999;    3;   0.0;   0;-999;   0;  -999;   8.2;    -999;   10.1;   69.54;   17.6;    3.9;    3.1;eor
       3490;20210421;-999;-999;-999;    3;   0.0;   0;-999;   0;  -999;   8.2;    -999;   11.6;   61.92;   17.9;    4.5;    3.2;eor
       3490;20210422;-999;-999;-999;    3;   0.0;   0;-999;   0;  -999;   6.0;    -999;    7.5;   58.92;   12.5;    1.2;   -0.7;eor
       3490;20210423;-999;-999;-999;    3;   0.0;   0;-999;   0;  -999;   6.2;    -999;    7.8;   61.08;   15.0;    0.6;   -1.5;eor
       3490;20210424;-999;-999;-999;    3;   0.0;   0;-999;   0;  -999;   6.3;    -999;    8.0;   60.63;   15.3;    1.2;   -0.4;eor
       3490;20210425;-999;-999;-999;    3;   0.0;   0;-999;   0;  -999;   5.8;    -999;    6.9;   60.46;   13.7;    0.8;   -2.1;eor
       3490;20210426;-999;-999;-999;    3;   0.0;   0;-999;   0;  -999;   5.1;    -999;    7.8;   52.58;   15.6;   -0.2;   -1.6;eor
       3490;20210427;-999;-999;-999;    3;   0.0;   0;-999;   0;  -999;   5.2;    -999;    8.9;   50.38;   17.6;    1.1;   -1.5;eor
       3490;20210428;-999;-999;-999;    3;   0.0;   0;-999;   0;  -999;   6.1;    -999;   12.8;   45.13;   21.2;    2.2;   -0.7;eor
       3490;20210429;-999;-999;-999;    3;   0.1;   4;-999;   0;  -999;   7.6;    -999;   11.0;   58.25;   15.2;    3.7;    1.1;eor
       3490;20210430;-999;-999;-999;    3;   0.3;   4;-999;   0;  -999;   7.0;    -999;    8.5;   63.50;   13.8;    1.2;   -1.9;eor
       3490;20210501;-999;-999;-999;    3;   0.0;   0;-999;-999;  -999;   7.0;    -999;    9.4;   61.46;   13.8;    3.9;    1.4;eor
       3490;20210502;-999;-999;-999;    3;   0.0;   0;-999;-999;  -999;   6.5;    -999;    7.7;   63.13;   11.8;    3.1;   -0.6;eor
       3490;20210503;-999;-999;-999;    3;   1.0;   4;-999;-999;  -999;   5.8;    -999;    8.9;   54.29;   15.0;    0.7;   -1.2;eor
       3490;20210504;-999;-999;-999;    3;   0.1;   4;-999;-999;  -999;   7.1;    -999;   11.1;   55.54;   16.0;    2.3;   -1.1;eor
       3490;20210505;-999;-999;-999;    3;   1.0;   4;-999;-999;  -999;   6.4;    -999;    7.9;   60.75;   12.0;    3.7;    0.4;eor
       3490;20210506;-999;-999;-999;    3;   3.5;   4;-999;-999;  -999;   7.4;    -999;    7.9;   70.92;   14.0;    2.9;    0.1;eor
       3490;20210507;-999;-999;-999;    3;   1.2;   4;-999;-999;  -999;   6.7;    -999;    6.8;   70.17;   12.7;    1.4;   -1.3;eor
       3490;20210508;-999;-999;-999;    3;   0.0;   0;-999;-999;  -999;   8.0;    -999;   10.5;   64.08;   18.9;   -1.0;   -2.8;eor
       3490;20210509;-999;-999;-999;    3;   0.0;   0;-999;-999;  -999;  10.9;    -999;   19.2;   55.13;   28.5;    5.2;    1.6;eor
       3490;20210510;-999;-999;-999;    3;   2.8;   4;-999;-999;  -999;  12.1;    -999;   18.4;   57.54;   21.9;   12.8;   12.1;eor
       3490;20210511;-999;-999;-999;    3;   0.8;   4;-999;-999;  -999;  13.5;    -999;   13.7;   86.08;   15.8;   12.0;   11.0;eor
       3490;20210512;-999;-999;-999;    3;   0.3;   4;-999;-999;  -999;  11.0;    -999;   13.2;   73.29;   17.9;    8.2;    6.4;eor
       3490;20210513;-999;-999;-999;    3;   0.8;   4;-999;-999;  -999;  10.0;    -999;   12.2;   72.71;   18.6;    5.3;    2.7;eor
       3490;20210514;-999;-999;-999;    3;   4.9;   4;-999;-999;  -999;   9.9;    -999;   11.2;   76.13;   18.1;    6.3;    4.5;eor
       3490;20210515;-999;-999;-999;    3;   3.8;   4;-999;-999;  -999;  10.0;    -999;   11.1;   76.54;   15.0;    6.0;    4.9;eor
       3490;20210516;-999;-999;-999;    3;   8.3;   4;-999;-999;  -999;  10.1;    -999;   10.9;   79.13;   17.4;    5.3;    2.9;eor
       3490;20210517;-999;-999;-999;    3;   1.6;   4;-999;-999;  -999;  10.4;    -999;   12.1;   74.13;   15.6;    8.1;    5.6;eor
       3490;20210518;-999;-999;-999;    3;   4.9;   4;-999;-999;  -999;  10.1;    -999;   11.4;   76.21;   17.1;    8.1;    5.2;eor
       3490;20210519;-999;-999;-999;    3;   0.4;   4;-999;-999;  -999;   9.5;    -999;   11.8;   70.17;   16.8;    7.1;    5.6;eor
       3490;20210520;-999;-999;-999;    3;   0.0;   0;-999;-999;  -999;   9.5;    -999;   13.5;   63.71;   18.4;    7.6;    6.1;eor
       3490;20210521;-999;-999;-999;    3;   2.3;   4;-999;-999;  -999;   9.0;    -999;   13.9;   58.38;   18.6;    6.3;    4.0;eor
       3490;20210522;-999;-999;-999;    3;   1.8;   4;-999;-999;  -999;   9.2;    -999;   11.6;   68.38;   16.7;    5.7;    3.4;eor
       3490;20210523;-999;-999;-999;    3;   0.0;   0;-999;-999;  -999;   8.2;    -999;   12.0;   60.50;   17.0;    6.0;    3.6;eor
       3490;20210524;-999;-999;-999;    3;   2.0;   4;-999;-999;  -999;   9.3;    -999;   12.1;   67.96;   18.8;    4.2;    1.4;eor
       3490;20210525;-999;-999;-999;    3;   9.7;   4;-999;-999;  -999;   9.3;    -999;    9.5;   78.75;   13.7;    6.6;    5.4;eor
       3490;20210526;-999;-999;-999;    3;   2.8;   4;-999;-999;  -999;  10.1;    -999;   10.5;   79.50;   15.4;    7.3;    6.8;eor
       3490;20210527;-999;-999;-999;    3;   0.9;   4;-999;-999;  -999;  10.3;    -999;   11.8;   74.04;   15.0;    9.9;    8.1;eor
       3490;20210528;-999;-999;-999;    3;   0.0;   0;-999;-999;  -999;   9.9;    -999;   13.5;   66.08;   19.6;    9.2;    8.1;eor
       3490;20210529;-999;-999;-999;    3;   0.0;   0;-999;-999;  -999;   9.6;    -999;   13.9;   63.38;   20.9;    6.9;    5.1;eor
       3490;20210530;-999;-999;-999;    3;   0.0;   0;-999;-999;  -999;   9.3;    -999;   14.9;   60.04;   23.2;    6.3;    5.3;eor
       3490;20210531;-999;-999;-999;    3;   0.0;   0;-999;-999;  -999;   9.9;    -999;   16.4;   57.17;   24.9;    8.2;    5.3;eor
       3490;20210601;-999;-999;-999;    3;   0.0;   0;-999;-999;  -999;   9.6;    -999;   17.3;   52.96;   25.6;    7.8;    5.2;eor
       3490;20210602;-999;-999;-999;    3;   0.0;   0;-999;-999;  -999;  10.9;    -999;   20.3;   49.58;   28.7;    9.7;    8.7;eor
       3490;20210603;-999;-999;-999;    3;  39.2;   4;-999;-999;  -999;  18.3;    -999;   19.4;   81.29;   24.4;   13.1;   11.5;eor
       3490;20210604;-999;-999;-999;    3;   5.8;   4;-999;-999;  -999;  19.0;    -999;   19.2;   86.08;   25.0;   14.7;   12.8;eor
       3490;20210605;-999;-999;-999;    3;   0.0;   0;-999;-999;  -999;  16.6;    -999;   17.2;   84.75;   21.8;   13.7;   12.6;eor
       3490;20210606;-999;-999;-999;    3;   0.0;   0;-999;-999;  -999;  14.8;    -999;   15.6;   83.67;   17.0;   14.0;   14.2;eor
       3490;20210607;-999;-999;-999;    3;   0.0;   0;-999;-999;  -999;  15.6;    -999;   17.6;   77.58;   20.3;   14.4;   13.5;eor
       3490;20210608;-999;-999;-999;    3;   0.0;   0;-999;-999;  -999;  15.0;    -999;   18.5;   71.63;   24.0;   14.3;   13.5;eor
       3490;20210609;-999;-999;-999;    3;   0.0;   0;-999;-999;  -999;  15.1;    -999;   20.0;   66.96;   26.3;   13.1;   12.3;eor
       3490;20210610;-999;-999;-999;    3;   0.0;   0;-999;-999;  -999;  14.3;    -999;   20.8;   60.71;   26.8;   13.7;   12.7;eor
       3490;20210611;-999;-999;-999;    3;   0.0;   0;-999;-999;  -999;  15.9;    -999;   21.4;   63.63;   27.7;   14.4;   13.5;eor
       3490;20210612;-999;-999;-999;    3;   0.0;   0;-999;-999;  -999;  14.7;    -999;   19.2;   66.67;   23.1;   13.9;   11.8;eor
       3490;20210613;-999;-999;-999;    3;   0.0;   0;-999;-999;  -999;  11.1;    -999;   16.9;   59.29;   24.0;   11.5;   10.0;eor
       3490;20210614;-999;-999;-999;    3;   0.0;   0;-999;-999;  -999;  13.1;    -999;   20.4;   57.21;   29.0;    9.9;    9.2;eor
       3490;20210615;-999;-999;-999;    3;   0.0;   0;-999;-999;  -999;  15.6;    -999;   21.1;   63.67;   27.6;   13.9;   12.6;eor
       3490;20210616;-999;-999;-999;    3;   0.0;   0;-999;-999;  -999;  16.8;    -999;   23.4;   62.04;   32.1;   15.2;   14.8;eor
       3490;20210617;-999;-999;-999;    3;   0.0;   0;-999;-999;  -999;  19.0;    -999;   26.1;   59.33;   34.4;   15.7;   14.2;eor
       3490;20210618;-999;-999;-999;    3;   0.2;   4;-999;-999;  -999;  19.7;    -999;   26.0;   60.46;   32.8;   19.2;   18.7;eor
       3490;20210619;-999;-999;-999;    3;  35.5;   4;-999;-999;  -999;  18.5;    -999;   24.9;   61.67;   32.3;   16.5;   15.0;eor
       3490;20210620;-999;-999;-999;    3;   0.4;   4;-999;-999;  -999;  18.7;    -999;   22.6;   69.71;   27.0;   18.8;   18.6;eor
       3490;20210621;-999;-999;-999;    3;   0.0;   0;-999;-999;  -999;  16.7;    -999;   19.2;   75.00;   23.2;   16.0;   15.9;eor
       3490;20210622;-999;-999;-999;    3;   8.1;   4;-999;-999;  -999;  14.2;    -999;   15.1;   82.54;   16.0;   14.2;   14.3;eor
       3490;20210623;-999;-999;-999;    3;   0.0;   0;-999;-999;  -999;  15.2;    -999;   16.1;   83.58;   19.8;   13.7;   13.5;eor
       3490;20210624;-999;-999;-999;    3;  11.2;   4;-999;-999;  -999;  15.7;    -999;   16.5;   83.54;   20.5;   14.1;   13.3;eor
       3490;20210625;-999;-999;-999;    3;   0.0;   0;-999;-999;  -999;  14.5;    -999;   18.4;   70.33;   23.9;   13.0;   12.1;eor
       3490;20210626;-999;-999;-999;    3;   0.0;   0;-999;-999;  -999;  14.3;    -999;   19.0;   67.63;   25.5;   12.4;   11.6;eor
       3490;20210627;-999;-999;-999;    3;   0.1;   4;-999;-999;  -999;  17.4;    -999;   20.1;   75.13;   26.6;   13.2;   12.3;eor
       3490;20210628;-999;-999;-999;    3;   0.0;   0;-999;-999;  -999;  18.5;    -999;   22.5;   70.63;   29.3;   16.0;   15.1;eor
       3490;20210629;-999;-999;-999;    3;  11.6;   4;-999;-999;  -999;  17.3;    -999;   19.0;   80.42;   25.9;   15.0;   14.1;eor
       3490;20210630;-999;-999;-999;    3;   3.4;   4;-999;-999;  -999;  15.5;    -999;   16.1;   84.79;   20.0;   13.3;   12.7;eor
       3490;20210701;-999;-999;-999;    3;   0.3;   4;-999;-999;  -999;  13.4;    -999;   14.5;   81.33;   16.4;   13.0;   12.7;eor
       3490;20210702;-999;-999;-999;    3;   0.0;   0;-999;-999;  -999;  13.8;    -999;   17.1;   73.29;   23.7;   10.0;    8.9;eor
       3490;20210703;-999;-999;-999;    3;   0.0;   0;-999;-999;  -999;  16.0;    -999;   19.8;   71.67;   27.0;   12.1;   10.6;eor
       3490;20210704;-999;-999;-999;    3;   8.5;   4;-999;-999;  -999;  17.8;    -999;   17.7;   87.79;   22.5;   14.2;   12.8;eor
       3490;20210705;-999;-999;-999;    3;   0.6;   4;-999;-999;  -999;  16.5;    -999;   18.0;   80.71;   22.6;   14.1;   13.6;eor
       3490;20210706;-999;-999;-999;    3;   1.7;   4;-999;-999;  -999;  15.3;    -999;   18.6;   72.63;   23.3;   11.6;   10.1;eor
       3490;20210707;-999;-999;-999;    3;   0.0;   0;-999;-999;  -999;  14.2;    -999;   19.5;   64.88;   25.1;   12.2;   10.9;eor
       3490;20210708;-999;-999;-999;    3;  10.8;   4;-999;-999;  -999;  16.0;    -999;   16.5;   85.17;   22.0;   13.8;   13.1;eor
       3490;20210709;-999;-999;-999;    3;   1.0;   4;-999;-999;  -999;  16.8;    -999;   17.7;   83.08;   21.7;   14.7;   14.4;eor
       3490;20210710;-999;-999;-999;    3;  12.9;   4;-999;-999;  -999;  16.8;    -999;   18.6;   79.67;   25.0;   12.5;   11.2;eor
       3490;20210711;-999;-999;-999;    3;   0.0;   0;-999;-999;  -999;  16.6;    -999;   17.7;   82.79;   22.3;   14.2;   13.6;eor
       3490;20210712;-999;-999;-999;    1;   8.2;   4;-999;-999;  -999;  17.2;    -999;   18.7;   80.71;   23.7;   12.0;   11.0;eor
       3490;20210713;-999;-999;-999;    1;  16.1;   4;-999;-999;  -999;  19.1;    -999;   18.6;   89.25;   21.8;   16.2;   15.6;eor
       3490;20210714;-999;-999;-999;    1;  66.2;   4;-999;-999;  -999;  18.3;    -999;   17.0;   93.82;   18.1;   15.8;   15.7;eor
